Sample name;364-DVS4424H1101
Subsample name;子样品1
Subsample status;Finished
Operating procedure;OP:PA6采谱
Determination start;2026-05-08 08:01:14Z

MEAS SPEC;记录光谱 1;Met：PA6采谱  1
MP list
#;Wavelength / nm;Absorbance / AU
1;1000;0.4268770884219261
2;1000.5;0.4268635452641261
3;1001;0.42682712010275886
4;1001.5;0.42677630040102815
5;1002;0.42671735829425367
6;1002.5;0.4266565657177546
7;1003;0.4266001948068504
8;1003.5;0.4265545176968605
9;1004;0.42652580632310394
10;1004.5;0.4265203327209006
11;1005;0.4265443691255696
12;1005.5;0.4266006646457322
13;1006;0.4266799117043255
14;1006.5;0.4267765148925607
15;1007;0.42688578411891803
16;1007.5;0.4270030295918775
17;1008;0.42712356141991936
18;1008.5;0.4272426895115237
19;1009;0.42735572417517076
20;1009.5;0.42745797551934056
21;1010;0.42754475429388117
22;1010.5;0.42761994162113687
23;1011;0.42769797473745896
24;1011.5;0.42777802656804004
25;1012;0.427858037238072
26;1012.5;0.4279359468727469
27;1013;0.42800969549725665
28;1013.5;0.4280772231367934
29;1014;0.4281364699165495
30;1014.5;0.4281853759617168
31;1015;0.4282221146276443
32;1015.5;0.428251085904681
33;1016;0.4282687524799645
34;1016.5;0.42827678077466064
35;1017;0.4282772805099352
36;1017.5;0.42827236130695406
37;1018;0.4282641328868828
38;1018.5;0.4282547048708875
39;1019;0.42824618698013384
40;1019.5;0.42824068883578753
41;1020;0.4282402371464866
42;1020.5;0.4282436371671225
43;1021;0.42824773164460395
44;1021.5;0.42825320575667325
45;1022;0.42826079958107277
46;1022.5;0.42827125309554476
47;1023;0.42828530647783136
48;1023.5;0.42830369990567474
49;1024;0.42832717325681724
50;1024.5;0.4283564668090011
51;1025;0.4283912572094244
52;1025.5;0.42843121899971354
53;1026;0.42848021605219105
54;1026.5;0.42853572942469
55;1027;0.4285952404750438
56;1027.5;0.42865623016108556
57;1028;0.42871617974064835
58;1028.5;0.42877257027156535
59;1029;0.42882288301166993
60;1029.5;0.42886459901879503
61;1030;0.4288988151359067
62;1030.5;0.4289363790686968
63;1031;0.4289766971224031
64;1031.5;0.42901903731996016
65;1032;0.42906266798430204
66;1032.5;0.4291068573383631
67;1033;0.42915087360507764
68;1033.5;0.4291939851073797
69;1034;0.4292354598682038
70;1034.5;0.42927456621048393
71;1035;0.4293162636762432
72;1035.5;0.42936848643623726
73;1036;0.42942619453196046
74;1036.5;0.4294863232731849
75;1037;0.42954580756968275
76;1037.5;0.4296015827312257
77;1038;0.4296505837675862
78;1038.5;0.42968974598853604
79;1039;0.4297160044038474
80;1039.5;0.42972629432329246
81;1040;0.4297179952598208
82;1040.5;0.4296945604487997
83;1041;0.42965970080369714
84;1041.5;0.42961624601463644
85;1042;0.42956702557174076
86;1042.5;0.42951486916513326
87;1043;0.42946260608493736
88;1043.5;0.429413066121276
89;1044;0.4293690787642726
90;1044.5;0.4293334736040503
91;1045;0.4292971806515795
92;1045.5;0.42925873027658756
93;1046;0.42922286041676816
94;1046.5;0.429191439228575
95;1047;0.42916633466846144
96;1047.5;0.429149414792881
97;1048;0.4291425475582871
98;1048.5;0.42914760102113336
99;1049;0.42916644333787335
100;1049.5;0.42920091105153746
101;1050;0.42924191398494516
102;1050.5;0.4292900845468921
103;1051;0.42934465786407383
104;1051.5;0.4294025559631864
105;1052;0.42946070107092577
106;1052.5;0.42951601521398775
107;1053;0.4295654207190681
108;1053.5;0.4296058395128629
109;1054;0.42963419372206796
110;1054.5;0.4296474932055972
111;1055;0.42964866206058083
112;1055.5;0.4296435960903021
113;1056;0.4296339239849166
114;1056.5;0.42962088143458016
115;1057;0.42960570422944844
116;1057.5;0.42958962805967715
117;1058;0.42957388861542184
118;1058.5;0.42955972158683836
119;1059;0.4295483628640824
120;1059.5;0.42954094119039465
121;1060;0.4295365951447511
122;1060.5;0.4295356682330915
123;1061;0.429537524700323
124;1061.5;0.429541410291353
125;1062;0.42954657065108853
126;1062.5;0.429552251624437
127;1063;0.4295576989563054
128;1063.5;0.42956215829160105
129;1064;0.4295648753752312
130;1064.5;0.4295652158938161
131;1065;0.4295634560164997
132;1065.5;0.4295589399164089
133;1066;0.4295517480846178
134;1066.5;0.42954199511220087
135;1067;0.42952979539023206
136;1067.5;0.42951526360978554
137;1068;0.4294985141619355
138;1068.5;0.4294796618377562
139;1069;0.4294588209283218
140;1069.5;0.4294369321011766
141;1070;0.4294201085078411
142;1070.5;0.42940499635994944
143;1071;0.429390779237495
144;1071.5;0.42937687872047087
145;1072;0.42936271648887026
146;1072.5;0.4293477144226867
147;1073;0.4293312942019131
148;1073.5;0.42931287750654323
149;1074;0.4292918861165701
150;1074.5;0.429268239058388
151;1075;0.42924385825185646
152;1075.5;0.4292170912103801
153;1076;0.42918901634367507
154;1076.5;0.42916082066145755
155;1077;0.4291336913734434
156;1077.5;0.42910881558934894
157;1078;0.42908738031889027
158;1078.5;0.4290705727717832
159;1079;0.42905957995774424
160;1079.5;0.4290551648603708
161;1080;0.42905441620475315
162;1080.5;0.42905436579540474
163;1081;0.42905498032972017
164;1081.5;0.4290562877050941
165;1082;0.4290583161189213
166;1082.5;0.42906109346859633
167;1083;0.4290646476515139
168;1083.5;0.4290690067650688
169;1084;0.42907419880665565
170;1084.5;0.42907848804668236
171;1085;0.42907520658705467
172;1085.5;0.4290663594998939
173;1086;0.42905381328920944
174;1086.5;0.42903941735900986
175;1087;0.4290250212133041
176;1087.5;0.42901247415610133
177;1088;0.42900362559141036
178;1088.5;0.42900032502324015
179;1089;0.4290044218555996
180;1089.5;0.42901834283261947
181;1090;0.4290434770259016
182;1090.5;0.42907670114752117
183;1091;0.4291157032218395
184;1091.5;0.42915817937321793
185;1092;0.42920182582601807
186;1092.5;0.4292443390046009
187;1093;0.429283414933328
188;1093.5;0.42931675013656073
189;1094;0.4293420407386604
190;1094.5;0.4293599052123705
191;1095;0.42937874786860697
192;1095.5;0.42939837256998636
193;1096;0.4294180851386999
194;1096.5;0.42943719369693845
195;1097;0.4294550062668928
196;1097.5;0.4294708312707539
197;1098;0.42948397653071285
198;1098.5;0.4294937504689604
199;1099;0.4294994610076876
200;1099.5;0.4295006498118232
201;1100;0.42949840201422473
202;1100.5;0.4294938952783659
203;1101;0.4294876237290398
204;1101.5;0.42948007959103973
205;1102;0.42947175478915883
206;1102.5;0.4294631414481902
207;1103;0.4294547316929271
208;1103.5;0.4294470174481627
209;1104;0.4294404908386902
210;1104.5;0.42943470230176767
211;1105;0.42942781833623445
212;1105.5;0.42942051247428764
213;1106;0.4294131094617761
214;1106.5;0.42940593304454844
215;1107;0.4293993069684535
216;1107.5;0.42939355497934006
217;1108;0.42938900092305676
218;1108.5;0.42938596854545247
219;1109;0.4293847814923759
220;1109.5;0.42938591076235627
221;1110;0.4293901364274134
222;1110.5;0.4293974774024874
223;1111;0.4294073293251584
224;1111.5;0.4294190870330065
225;1112;0.42943214536361207
226;1112.5;0.429445898854555
227;1113;0.42945974254341535
228;1113.5;0.4294730709677734
229;1114;0.4294852789652091
230;1114.5;0.4294978149800704
231;1115;0.42951391506995373
232;1115.5;0.4295319937730248
233;1116;0.42955201023121825
234;1116.5;0.4295739265864686
235;1117;0.4295977051807105
236;1117.5;0.42962330815587835
237;1118;0.4296506977539069
238;1118.5;0.42967983611673083
239;1119;0.42971068548628455
240;1119.5;0.4297460488557189
241;1120;0.4297908492530091
242;1120.5;0.4298420864019346
243;1121;0.42989829917487726
244;1121.5;0.4299580313442196
245;1122;0.4300198265823438
246;1122.5;0.4300822286616321
247;1123;0.4301437812544668
248;1123.5;0.4302030281332302
249;1124;0.43025851317030456
250;1124.5;0.4303108379750368
251;1125;0.4303618823469753
252;1125.5;0.43040928331517003
253;1126;0.43045423653186426
254;1126.5;0.430497951249301
255;1127;0.4305416367197236
256;1127.5;0.4305865021953753
257;1128;0.43063375692849915
258;1128.5;0.4306846100713386
259;1129;0.43074027097613665
260;1129.5;0.43080248229746543
261;1130;0.43087109018269026
262;1130.5;0.4309424549681461
263;1131;0.4310159529566816
264;1131.5;0.4310909819511449
265;1132;0.43116693955438495
266;1132.5;0.43124322326924974
267;1133;0.43131923089858787
268;1133.5;0.4313943601452479
269;1134;0.4314680085120782
270;1134.5;0.4315383120650238
271;1135;0.43160255347086396
272;1135.5;0.4316625876832204
273;1136;0.43172003122790115
274;1136.5;0.43177649483071445
275;1137;0.43183358981746833
276;1137.5;0.43189292711397087
277;1138;0.43195611774603043
278;1138.5;0.43202477273945494
279;1139;0.4321005032200526
280;1139.5;0.4321852788029153
281;1140;0.43228299656916064
282;1140.5;0.43239592602006977
283;1141;0.43252141421183277
284;1141.5;0.432656738000639
285;1142;0.43279917464267814
286;1142.5;0.43294600129414007
287;1143;0.43309449501121444
288;1143.5;0.43324193305009084
289;1144;0.43338559226695905
290;1144.5;0.4335250806304929
291;1145;0.4336666707902245
292;1145.5;0.43381258189548566
293;1146;0.4339628706841058
294;1146.5;0.43411754179391426
295;1147;0.4342765997627408
296;1147.5;0.43444004932841473
297;1148;0.4346078949287658
298;1148.5;0.43478014140162335
299;1149;0.4349567931848169
300;1149.5;0.4351412077795397
301;1150;0.4353425883563567
302;1150.5;0.4355563655297587
303;1151;0.4357797345539486
304;1151.5;0.43600999058312934
305;1152;0.43624442897150406
306;1152.5;0.4364803449732757
307;1153;0.4367150338426472
308;1153.5;0.4369457907338215
309;1154;0.43716991100100167
310;1154.5;0.43738803871663345
311;1155;0.4376105823546683
312;1155.5;0.4378348938610449
313;1156;0.4380596624268332
314;1156.5;0.43828372194310383
315;1157;0.4385059063009266
316;1157.5;0.43872504949137214
317;1158;0.4389399854055105
318;1158.5;0.43914954803441175
319;1159;0.4393525712691463
320;1159.5;0.4395482653256092
321;1160;0.43973905250878814
322;1160.5;0.43992810921621556
323;1161;0.4401164812959813
324;1161.5;0.4403050914961747
325;1162;0.44049486276488503
326;1162.5;0.4406867179502022
327;1163;0.4408815800002155
328;1163.5;0.4410803715630145
329;1164;0.4412840156866887
330;1164.5;0.44149199745155043
331;1165;0.44169929540233976
332;1165.5;0.4419128509565714
333;1166;0.44213286502026117
334;1166.5;0.44235877059942547
335;1167;0.44259000120008035
336;1167.5;0.4428259899282419
337;1168;0.4430661698899264
338;1168.5;0.44330997449115
339;1169;0.4435568368379289
340;1169.5;0.44380703216394635
341;1170;0.4440666455306359
342;1170.5;0.44434269485455474
343;1171;0.44463421729864
344;1171.5;0.4449392130258283
345;1172;0.44525568209905647
346;1172.5;0.4455816245812613
347;1173;0.4459150406353799
348;1173.5;0.44625393022434884
349;1174;0.446596293511105
350;1174.5;0.4469415472447545
351;1175;0.44730044245143097
352;1175.5;0.44767425331541444
353;1176;0.448060800252762
354;1176.5;0.44845779077953074
355;1177;0.44886293221177764
356;1177.5;0.4492739321655601
357;1178;0.449688497856935
358;1178.5;0.45010433690195956
359;1179;0.4505191567166909
360;1179.5;0.4509317297764509
361;1180;0.45135328632292576
362;1180.5;0.45178507791073585
363;1181;0.45222418612871984
364;1181.5;0.4526677550657167
365;1182;0.4531129287105654
366;1182.5;0.45355685105210475
367;1183;0.4539966660791733
368;1183.5;0.45442951768061013
369;1184;0.45485254994525415
370;1184.5;0.4552633680356239
371;1185;0.45566876209070994
372;1185.5;0.45607338060298924
373;1186;0.456476429841943
374;1186.5;0.4568763458770528
375;1187;0.45727156487779974
376;1187.5;0.45766052311366534
377;1188;0.4580416567541309
378;1188.5;0.45841340186867763
379;1189;0.458774194826787
380;1189.5;0.4591225504606974
381;1190;0.4594601957005474
382;1190.5;0.45979119817576697
383;1191;0.46011663818198756
384;1191.5;0.4604365161148404
385;1192;0.4607508322699568
386;1192.5;0.461059586942968
387;1193;0.46136278062950564
388;1193.5;0.4616604137252008
389;1194;0.4619524863256849
390;1194.5;0.46223906495387823
391;1195;0.4625253168907104
392;1195.5;0.4628067834581076
393;1196;0.463078451710312
394;1196.5;0.4633382402015659
395;1197;0.4635840674861118
396;1197.5;0.463813851818192
397;1198;0.46402551185204893
398;1198.5;0.4642169660419249
399;1199;0.46438613294206227
400;1199.5;0.46453093938811013
401;1200;0.46466070053198755
402;1200.5;0.4647773612526255
403;1201;0.4648756400652361
404;1201.5;0.4649553051850317
405;1202;0.4650161250272246
406;1202.5;0.4650578679070273
407;1203;0.4650803020396519
408;1203.5;0.46508319594031067
409;1204;0.46506631782421604
410;1204.5;0.4650294361065804
411;1205;0.464965206615746
412;1205.5;0.46486328514327324
413;1206;0.4647243242868643
414;1206.5;0.4645538825640444
415;1207;0.4643575182923387
416;1207.5;0.4641407899892719
417;1208;0.4639092558723693
418;1208.5;0.463668474559156
419;1209;0.46342400426715696
420;1209.5;0.46318140351389714
421;1210;0.46292727794629823
422;1210.5;0.46263126360678014
423;1211;0.4622949853806036
424;1211.5;0.46192496255292603
425;1212;0.4615277464089039
426;1212.5;0.46110988843369416
427;1213;0.4606779400124542
428;1213.5;0.4602384525303405
429;1214;0.45979797747251006
430;1214.5;0.45936306632412
431;1215;0.45892879434112743
432;1215.5;0.45847274163538687
433;1216;0.4579981353280168
434;1216.5;0.45750977634310974
435;1217;0.4570124863047583
436;1217.5;0.4565110867370553
437;1218;0.4560103994640931
438;1218.5;0.45551524610996436
439;1219;0.45503044829876177
440;1219.5;0.45456082765457795
441;1220;0.4541035222261439
442;1220.5;0.453637133383487
443;1221;0.4531678774603051
444;1221.5;0.4527003683158748
445;1222;0.45223893040947216
446;1222.5;0.4517878880003735
447;1223;0.45135156564785534
448;1223.5;0.4509342875111937
449;1224;0.4505403780496652
450;1224.5;0.45017416152254597
451;1225;0.4498357091232747
452;1225.5;0.4495058605776194
453;1226;0.44918375734847443
454;1226.5;0.448871098395338
455;1227;0.44856947817770837
456;1227.5;0.4482804909550837
457;1228;0.44800573098696256
458;1228.5;0.447746792832843
459;1229;0.44750527065222323
460;1229.5;0.44728275880460194
461;1230;0.44707974473005263
462;1230.5;0.44688709129275034
463;1231;0.44669921686134195
464;1231.5;0.44651480719431114
465;1232;0.4463330216501412
466;1232.5;0.4461530192873158
467;1233;0.44597395936431816
468;1233.5;0.4457950009396317
469;1234;0.44561530327174
470;1234.5;0.4454340255191266
471;1235;0.445250809371213
472;1235.5;0.4450719966667185
473;1236;0.44489514470997327
474;1236.5;0.44471858182703594
475;1237;0.44454196524396516
476;1237.5;0.44436495268681986
477;1238;0.4441872015816588
478;1238.5;0.44400836935454074
479;1239;0.4438281134315245
480;1239.5;0.44364609143866873
481;1240;0.44346184464106636
482;1240.5;0.4432714814051776
483;1241;0.44307529977945154
484;1241.5;0.4428752729573355
485;1242;0.4426733117322761
486;1242.5;0.4424713270977204
487;1243;0.44227122994711526
488;1243.5;0.4420749311739076
489;1244;0.44188434167154433
490;1244.5;0.4417013723334723
491;1245;0.44152789797483216
492;1245.5;0.4413537271102731
493;1246;0.44117523680769777
494;1246.5;0.4409977291381333
495;1247;0.44082398307260673
496;1247.5;0.44065677728214536
497;1248;0.44049889073777626
498;1248.5;0.4403531022105267
499;1249;0.4402221907714237
500;1249.5;0.44010893509149457
501;1250;0.4400161141417664
502;1250.5;0.4399350149615291
503;1251;0.43985201016442826
504;1251.5;0.4397687575428604
505;1252;0.4396877770139169
506;1252.5;0.4396115890946891
507;1253;0.4395427141022686
508;1253.5;0.43948367255374643
509;1254;0.43943698486621424
510;1254.5;0.4394051715567634
511;1255;0.4393907529424853
512;1255.5;0.43939246963586986
513;1256;0.4394016203156001
514;1256.5;0.43941459362709434
515;1257;0.439431025895627
516;1257.5;0.439450618846472
517;1258;0.4394730746049036
518;1258.5;0.43949809509619603
519;1259;0.4395253823456233
520;1259.5;0.43955463827845964
521;1260;0.43958556481997924
522;1260.5;0.43962096563103464
523;1261;0.43966850778845024
524;1261.5;0.43972239736040775
525;1262;0.4397801210824161
526;1262.5;0.4398394539899838
527;1263;0.43989817051861974
528;1263.5;0.43995404560383244
529;1264;0.44000485388113064
530;1264.5;0.44004837008602316
531;1265;0.44008236885401847
532;1265.5;0.4401064621149988
533;1266;0.44012880384168723
534;1266.5;0.44014656439513605
535;1267;0.4401591846062649
536;1267.5;0.44016670370599364
537;1268;0.44016916102524206
538;1268.5;0.4401665956949299
539;1269;0.44015904704597697
540;1269.5;0.440146554409303
541;1270;0.4401291569158278
542;1270.5;0.44010666628706563
543;1271;0.44007737961829896
544;1271.5;0.440041592513608
545;1272;0.44000012551265116
546;1272.5;0.43995391755508706
547;1273;0.4399039075805743
548;1273.5;0.4398510344287715
549;1274;0.4397962371393369
550;1274.5;0.43974045465192946
551;1275;0.4396846257062075
552;1275.5;0.43962915600181257
553;1276;0.43956145660911733
554;1276.5;0.43948381032574535
555;1277;0.43940130622679047
556;1277.5;0.43931669938734724
557;1278;0.4392327448825097
558;1278.5;0.43915219798737215
559;1279;0.43907781377702876
560;1279.5;0.4390123473265737
561;1280;0.43895855371110126
562;1280.5;0.4389191304152319
563;1281;0.43888334836159987
564;1281.5;0.4388448575932874
565;1282;0.43880672271012894
566;1282.5;0.4387701469119589
567;1283;0.4387363332986117
568;1283.5;0.4387064849699218
569;1284;0.4386818051257236
570;1284.5;0.4386634967658514
571;1285;0.43865276309013995
572;1285.5;0.4386508072984234
573;1286;0.43865535704093184
574;1286.5;0.43866053667146926
575;1287;0.4386650129578339
576;1287.5;0.43866928133808863
577;1288;0.43867384075029625
578;1288.5;0.4386791896325194
579;1289;0.43868582692282104
580;1289.5;0.438694251359264
581;1290;0.43870496157991107
582;1290.5;0.4387184563228249
583;1291;0.4387385990182433
584;1291.5;0.4387706072970202
585;1292;0.43880826112886406
586;1292.5;0.4388491652012549
587;1293;0.43889106620167223
588;1293.5;0.43893171071759596
589;1294;0.43896884563650557
590;1294.5;0.43900021744588075
591;1295;0.4390235728332015
592;1295.5;0.43903665858594704
593;1296;0.4390386000050845
594;1296.5;0.4390343482862229
595;1297;0.43902462349494237
596;1297.5;0.4390103836807041
597;1298;0.4389926940929696
598;1298.5;0.43897262008119997
599;1299;0.43895122709485673
600;1299.5;0.43892958028340123
601;1300;0.43890874519629497
602;1300.5;0.43888978708299886
603;1301;0.4388729776768529
604;1301.5;0.43885352618965057
605;1302;0.4388347431518838
606;1302.5;0.438817417552262
607;1303;0.43880151577949444
608;1303.5;0.43878700412229066
609;1304;0.43877384916935974
610;1304.5;0.43876201730941133
611;1305;0.43875147483115445
612;1305.5;0.4387421882232988
613;1306;0.4387341800266783
614;1306.5;0.438727986378929
615;1307;0.43872287102860613
616;1307.5;0.4387186690149151
617;1308;0.4387153124770606
618;1308.5;0.4387127332542479
619;1309;0.4387108634856823
620;1309.5;0.43870963511056865
621;1310;0.4387089801681121
622;1310.5;0.4387088307975179
623;1311;0.43870915500901997
624;1311.5;0.4387150139765609
625;1312;0.4387279938028728
626;1312.5;0.4387463389907319
627;1313;0.4387694919429145
628;1313.5;0.4387968952621967
629;1314;0.4388279911513549
630;1314.5;0.43886222221316534
631;1315;0.43889903085040416
632;1315.5;0.4389378594658477
633;1316;0.4389781505622722
634;1316.5;0.43902606840902403
635;1317;0.43908498735699497
636;1317.5;0.4391487214878159
637;1318;0.43921571074121635
638;1318.5;0.43928440035692534
639;1319;0.43935323557467243
640;1319.5;0.4394206617341868
641;1320;0.43948512427519776
642;1320.5;0.4395450683374348
643;1321;0.43959893936062694
644;1321.5;0.4396495980242179
645;1322;0.4397050379761671
646;1322.5;0.43975998815129935
647;1323;0.43981392856001544
648;1323.5;0.4398665323127159
649;1324;0.43991747211980137
650;1324.5;0.43996642119167256
651;1325;0.4400130522387302
652;1325.5;0.4400570381713747
653;1326;0.44009805210000696
654;1326.5;0.4401374966666894
655;1327;0.44018182574596565
656;1327.5;0.44022669658797664
657;1328;0.44027052612681417
658;1328.5;0.4403121696965696
659;1329;0.4403504827313351
660;1329.5;0.4403843206652021
661;1330;0.44041253863226226
662;1330.5;0.4404339921666075
663;1331;0.4404475366023295
664;1331.5;0.440452961831116
665;1332;0.4404589726822709
666;1332.5;0.44046600360999283
667;1333;0.44047342056376076
668;1333.5;0.44048104999305326
669;1334;0.44048871864734923
670;1334.5;0.4404962530761275
671;1335;0.4405034799288668
672;1335.5;0.44051022565504583
673;1336;0.4405163169041435
674;1336.5;0.4405215262881428
675;1337;0.4405241526585801
676;1337.5;0.4405255771387391
677;1338;0.4405270271634919
678;1338.5;0.4405290554677107
679;1339;0.4405322151862675
680;1339.5;0.4405370591540347
681;1340;0.44054414040588413
682;1340.5;0.4405540118766881
683;1341;0.4405672265013186
684;1341.5;0.44058433741417175
685;1342;0.4406091217322435
686;1342.5;0.4406457909432865
687;1343;0.4406940299121061
688;1343.5;0.4407516980035074
689;1344;0.44081665428229566
690;1344.5;0.44088675801327604
691;1345;0.4409598681612537
692;1345.5;0.44103384399103385
693;1346;0.44110654476742167
694;1346.5;0.4411758294552223
695;1347;0.4412470701813733
696;1347.5;0.441333288580701
697;1348;0.44143373727110563
698;1348.5;0.4415460251245352
699;1349;0.44166774531293707
700;1349.5;0.44179649080825867
701;1350;0.44192985468244766
702;1350.5;0.4420654301074517
703;1351;0.44220080995521815
704;1351.5;0.4423335875976947
705;1352;0.44246582761483755
706;1352.5;0.4426117529218338
707;1353;0.4427707925973916
708;1353.5;0.442941667927305
709;1354;0.4431231396973681
710;1354.5;0.4433139683933751
711;1355;0.44351291470111986
712;1355.5;0.4437187393063967
713;1356;0.44393020289499974
714;1356.5;0.44414606605272294
715;1357;0.44436667856059797
716;1357.5;0.44460303262993905
717;1358;0.4448536735799338
718;1358.5;0.4451164974284077
719;1359;0.4453898531931867
720;1359.5;0.4456720896920963
721;1360;0.4459615559429625
722;1360.5;0.4462566009636106
723;1361;0.4465555736718666
724;1361.5;0.44685682308555597
725;1362;0.4471589613374018
726;1362.5;0.4474670569598171
727;1363;0.44778286587107113
728;1363.5;0.44810554923243406
729;1364;0.4484343797051763
730;1364.5;0.44876862965056785
731;1365;0.4491075717298787
732;1365.5;0.44945047820437917
733;1366;0.44979662173533946
734;1366.5;0.4501452747840296
735;1367;0.45049571119539256
736;1367.5;0.4508483573452384
737;1368;0.4512048227357298
738;1368.5;0.4515656888007092
739;1369;0.45193102987401873
740;1369.5;0.4523009203895006
741;1370;0.452675434580997
742;1370.5;0.4530546469823505
743;1371;0.4534386319274029
744;1371.5;0.4538274636499967
745;1372;0.4542212166839742
746;1372.5;0.45462183124380956
747;1373;0.4550314109243888
748;1373.5;0.45544806272309113
749;1374;0.45587016932677893
750;1374.5;0.45629611532231407
751;1375;0.4567242847965584
752;1375.5;0.45715306203637435
753;1376;0.45758083162862395
754;1376.5;0.458005977660169
755;1377;0.4584268845178717
756;1377.5;0.45884465105136096
757;1378;0.45926729004947575
758;1378.5;0.4596934469176788
759;1379;0.46012068684157575
760;1379.5;0.4605465726067723
761;1380;0.4609686670988741
762;1380.5;0.4613845330034868
763;1381;0.4617917333062163
764;1381.5;0.462187830792668
765;1382;0.4625703882484479
766;1382.5;0.4629383470297819
767;1383;0.46329963882363356
768;1383.5;0.46365163548597754
769;1384;0.4639926297547903
770;1384.5;0.4643214161680483
771;1385;0.46463678926372837
772;1385.5;0.46493754347980715
773;1386;0.4652224731542612
774;1386.5;0.46549037292506734
775;1387;0.465740037130202
776;1387.5;0.46597038834277243
777;1388;0.4661844635100886
778;1388.5;0.4663835567188201
779;1389;0.46656946840827135
780;1389.5;0.46674485101774704
781;1390;0.46691235728655184
782;1390.5;0.46707463975399033
783;1391;0.467234351059367
784;1391.5;0.4673941436419867
785;1392;0.46755667014115404
786;1392.5;0.4677245802637759
787;1393;0.4678943347955403
788;1393.5;0.4680589642020653
789;1394;0.4682183962677353
790;1394.5;0.468374608276935
791;1395;0.4685295773140489
792;1395.5;0.4686852806634613
793;1396;0.468843695509557
794;1396.5;0.46900679913672044
795;1397;0.4691765688293361
796;1397.5;0.4693549815717887
797;1398;0.4695460785918801
798;1398.5;0.46975089545359394
799;1399;0.46996364118793943
800;1399.5;0.4701824497661552
801;1400;0.47040547835947966
802;1400.5;0.4706308841391512
803;1401;0.4708568242764083
804;1401.5;0.47108145594248974
805;1402;0.4713029363086337
806;1402.5;0.47151942254607865
807;1403;0.47173267853420464
808;1403.5;0.4719526166240858
809;1404;0.4721717165843149
810;1404.5;0.4723881035098986
811;1405;0.4726003273958435
812;1405.5;0.472806938437156
813;1406;0.4730064866288427
814;1406.5;0.47319752206591026
815;1407;0.4733785949433652
816;1407.5;0.473548255256214
817;1408;0.4737066842671262
818;1408.5;0.4738670618752664
819;1409;0.4740239340330006
820;1409.5;0.47417516652556735
821;1410;0.4743200793382053
822;1410.5;0.4744579922561525
823;1411;0.4745882252646476
824;1411.5;0.47471009824892907
825;1412;0.4748229309942353
826;1412.5;0.4749260434858047
827;1413;0.47501889472593684
828;1413.5;0.4751063999771995
829;1414;0.4751911315488401
830;1414.5;0.47527334716435493
831;1415;0.47535344824724024
832;1415.5;0.47543183642099296
833;1416;0.47550891310910914
834;1416.5;0.4755850797350856
835;1417;0.47566073802241854
836;1417.5;0.47573628929460454
837;1418;0.47581213507514014
838;1418.5;0.4758891655973122
839;1419;0.4759690498324435
840;1419.5;0.47605194472898377
841;1420;0.47613704717042793
842;1420.5;0.47622355374027103
843;1421;0.47631066112200776
844;1421.5;0.47639756589913296
845;1422;0.4764834648551416
846;1422.5;0.47656755467352835
847;1423;0.4766490320377882
848;1423.5;0.4767293647814199
849;1424;0.4768130480126544
850;1424.5;0.47689924323678257
851;1425;0.47698601283229153
852;1425.5;0.47707140957766886
853;1426;0.47715348575140154
854;1426.5;0.4772302939319769
855;1427;0.47729988669788226
856;1427.5;0.47736031662760503
857;1428;0.4774096360996321
858;1428.5;0.47744671099091407
859;1429;0.4774763909256314
860;1429.5;0.47750385740306867
861;1430;0.4775292128802787
862;1430.5;0.47755223991431467
863;1431;0.47757272136222906
864;1431.5;0.47759043988107497
865;1432;0.47760517822790505
866;1432.5;0.47761671915977233
867;1433;0.47762484533372973
868;1433.5;0.4776290903849073
869;1434;0.4776260630579953
870;1434.5;0.47761809837559605
871;1435;0.477606520982775
872;1435.5;0.47759199702459715
873;1436;0.4775751923461278
874;1436.5;0.4775567727924324
875;1437;0.47753740450857557
876;1437.5;0.47751775333962315
877;1438;0.47749848523064
878;1438.5;0.47748025271538924
879;1439;0.4774624108580907
880;1439.5;0.47744372503155513
881;1440;0.47742407550642785
882;1440.5;0.47740372825335414
883;1441;0.47738294954297916
884;1441.5;0.4773620054459483
885;1442;0.47734116213290684
886;1442.5;0.47732068567449987
887;1443;0.4773008421413728
888;1443.5;0.4772818977041709
889;1444;0.47726134486547417
890;1444.5;0.47723644660607556
891;1445;0.4772091233653556
892;1445.5;0.4771810209053523
893;1446;0.4771537851881041
894;1446.5;0.4771290623756489
895;1447;0.4771084981300252
896;1447.5;0.4770937387132708
897;1448;0.47708642988742433
898;1448.5;0.4770882176145238
899;1449;0.4770987800824834
900;1449.5;0.4771126229554323
901;1450;0.47712901437997657
902;1450.5;0.47714765897364264
903;1451;0.47716826155395753
904;1451.5;0.47719052713844795
905;1452;0.47721416034464087
906;1452.5;0.47723886619006306
907;1453;0.4772643494922413
908;1453.5;0.4772903150687021
909;1454;0.4773166709318071
910;1454.5;0.47734513883347984
911;1455;0.47737736066417835
912;1455.5;0.4774125960738324
913;1456;0.4774499091123722
914;1456.5;0.4774883636297275
915;1457;0.4775270237758287
916;1457.5;0.4775649534006054
917;1458;0.47760121665398786
918;1458.5;0.4776348772859058
919;1459;0.47766526564529005
920;1459.5;0.47769740391290283
921;1460;0.47773156602351613
922;1460.5;0.4777674563241824
923;1461;0.4778051862619548
924;1461.5;0.4778448675838855
925;1462;0.47788661153702766
926;1462.5;0.47793052976843364
927;1463;0.4779767337251563
928;1463.5;0.4780253350542483
929;1464;0.4780764464878967
930;1464.5;0.4781343213232203
931;1465;0.4781995196297525
932;1465.5;0.47827024103422566
933;1466;0.47834650416337154
934;1466.5;0.4784283278439226
935;1467;0.4785157307026108
936;1467.5;0.47860873136616816
937;1468;0.4787073485613269
938;1468.5;0.4788116008148192
939;1469;0.47892150705337705
940;1469.5;0.47904090854605086
941;1470;0.479176751121663
942;1470.5;0.4793271771677617
943;1471;0.4794896948963957
944;1471.5;0.4796618125196132
945;1472;0.47984103834946323
946;1472.5;0.48002488059799414
947;1473;0.4802108473772546
948;1473.5;0.4803964468992931
949;1474;0.48057918747615824
950;1474.5;0.4807594370100026
951;1475;0.48094617492141245
952;1475.5;0.4811365479126719
953;1476;0.48132880789877347
954;1476.5;0.4815212973947096
955;1477;0.48171235901547266
956;1477.5;0.4819003351760549
957;1478;0.482083568591449
958;1478.5;0.4822604016766472
959;1479;0.48242917704664184
960;1479.5;0.4825889233554431
961;1480;0.4827457459302186
962;1480.5;0.48289875157743295
963;1481;0.4830475650477248
964;1481.5;0.4831922338917322
965;1482;0.4833328055600937
966;1482.5;0.4834693276034475
967;1483;0.4836018472724318
968;1483.5;0.48373041211768514
969;1484;0.48385506958984575
970;1484.5;0.48397579802352386
971;1485;0.48408894736354
972;1485.5;0.4841945147382728
973;1486;0.484294632178921
974;1486.5;0.48439120821668313
975;1487;0.48448615128275796
976;1487.5;0.48458136970834403
977;1488;0.48467877222464006
978;1488.5;0.48478026706284466
979;1489;0.4848877628541568
980;1489.5;0.48500316802977467
981;1490;0.48512657819283567
982;1490.5;0.48525231504859834
983;1491;0.48537834721240625
984;1491.5;0.4855051758875269
985;1492;0.48563330227722795
986;1492.5;0.4857632274847766
987;1493;0.4858954529134406
988;1493.5;0.4860304795664874
989;1494;0.4861688087471844
990;1494.5;0.48631094165879923
991;1495;0.48645916386629284
992;1495.5;0.48661659858218054
993;1496;0.48678059687010916
994;1496.5;0.4869513416421148
995;1497;0.4871290330102333
996;1497.5;0.4873138709865004
997;1498;0.4875060553829521
998;1498.5;0.48770578621162414
999;1499;0.4879132634845524
1000;1499.5;0.488128687113773
1001;1500;0.4883541149040781
1002;1500.5;0.48859959496492794
1003;1501;0.4888620657044778
1004;1501.5;0.48913754385168196
1005;1502;0.48942214033549447
1006;1502.5;0.4897119658848698
1007;1503;0.4900031314287622
1008;1503.5;0.49029174769612577
1009;1504;0.4905739256159147
1010;1504.5;0.49084577591708334
1011;1505;0.4911042488112356
1012;1505.5;0.4913614776291856
1013;1506;0.4916194890846987
1014;1506.5;0.4918759002285499
1015;1507;0.492128587011514
1016;1507.5;0.49237542518436594
1017;1508;0.4926142907978809
1018;1508.5;0.4928430597028335
1019;1509;0.4930596077499989
1020;1509.5;0.49326181089015175
1021;1510;0.4934475634906418
1022;1510.5;0.4936227840419199
1023;1511;0.49379615098378665
1024;1511.5;0.49396838687896316
1025;1512;0.4941392515901704
1026;1512.5;0.4943085052801292
1027;1513;0.4944759078115609
1028;1513.5;0.4946412192471862
1029;1514;0.4948041996497262
1030;1514.5;0.49496460888190175
1031;1515;0.4951222071064339
1032;1515.5;0.49527344893120473
1033;1516;0.4954154117041575
1034;1516.5;0.4955517880888457
1035;1517;0.495684780231321
1036;1517.5;0.4958165899776346
1037;1518;0.495949419573838
1038;1518.5;0.49608547086598237
1039;1519;0.49622694600011935
1040;1519.5;0.4963760469223001
1041;1520;0.4965349757785761
1042;1520.5;0.49670550020726223
1043;1521;0.4968869815014827
1044;1521.5;0.4970785377335917
1045;1522;0.49727874566098274
1046;1522.5;0.49748617364105
1047;1523;0.4976993900311868
1048;1523.5;0.49791696308878725
1049;1524;0.49813746127124486
1050;1524.5;0.4983594527359534
1051;1525;0.498581505940307
1052;1525.5;0.49880365046444586
1053;1526;0.49903695663620684
1054;1526.5;0.4992813963580073
1055;1527;0.49953319914266575
1056;1527.5;0.4997885503030014
1057;1528;0.5000436348518333
1058;1528.5;0.5002946383019802
1059;1529;0.500537745666261
1060;1529.5;0.5007691422574948
1061;1530;0.5009850132885003
1062;1530.5;0.501181768064724
1063;1531;0.5013644402603636
1064;1531.5;0.5015366537044313
1065;1532;0.5016973906419179
1066;1532.5;0.5018454275178137
1067;1533;0.5019795406771097
1068;1533.5;0.5020985067647961
1069;1534;0.5022011020258639
1070;1534.5;0.5022861029053036
1071;1535;0.5023522857481059
1072;1535.5;0.5023984271992613
1073;1536;0.502405807361564
1074;1536.5;0.5023592111171066
1075;1537;0.5022641491533861
1076;1537.5;0.5021256692699485
1077;1538;0.5019488188663404
1078;1538.5;0.5017386454421074
1079;1539;0.501500196696796
1080;1539.5;0.5012385200299523
1081;1540;0.5009586629411221
1082;1540.5;0.5006656731298518
1083;1541;0.5003438558333475
1084;1541.5;0.4999525072916395
1085;1542;0.49949999469827333
1086;1542.5;0.4989973691148764
1087;1543;0.49845568100307613
1088;1543.5;0.4978859811245
1089;1544;0.49729932034077573
1090;1544.5;0.49670674921353053
1091;1545;0.49611931850439195
1092;1545.5;0.4955480789749874
1093;1546;0.4949922563423633
1094;1546.5;0.4944018374177623
1095;1547;0.4937744380202035
1096;1547.5;0.4931229625300265
1097;1548;0.4924604817275714
1098;1548.5;0.4918000659931777
1099;1549;0.49115478600718526
1100;1549.5;0.49053771234993376
1101;1550;0.48996191560176305
1102;1550.5;0.48944046634301275
1103;1551;0.4889823116998482
1104;1551.5;0.4885467309407412
1105;1552;0.48811981885734496
1106;1552.5;0.4877076083626859
1107;1553;0.4873167288697905
1108;1553.5;0.4869538098916849
1109;1554;0.48662548084139584
1110;1554.5;0.48633837123194945
1111;1555;0.48609911057637245
1112;1555.5;0.4859143282876909
1113;1556;0.48579033809328165
1114;1556.5;0.48571045539486624
1115;1557;0.4856569171199622
1116;1557.5;0.4856280443085083
1117;1558;0.48562332150044296
1118;1558.5;0.48564223323570477
1119;1559;0.48568426425423217
1120;1559.5;0.4857488989959638
1121;1560;0.4858356222008379
1122;1560.5;0.4859439183087934
1123;1561;0.4860732719597687
1124;1561.5;0.48623278459834207
1125;1562;0.486427301259149
1126;1562.5;0.48664898093094616
1127;1563;0.48689178166564384
1128;1563.5;0.48714966131515236
1129;1564;0.4874165778313819
1130;1564.5;0.4876864892662428
1131;1565;0.4879533533716452
1132;1565.5;0.4882111281994995
1133;1566;0.488453771601716
1134;1566.5;0.48868585033355166
1135;1567;0.4889271920662129
1136;1567.5;0.48917211879336603
1137;1568;0.4894164754581759
1138;1568.5;0.4896561066038073
1139;1569;0.4898868572734245
1140;1569.5;0.49010457211019237
1141;1570;0.4903050959572754
1142;1570.5;0.4904842736578384
1143;1571;0.4906379499550459
1144;1571.5;0.49076468780858107
1145;1572;0.4908742250988752
1146;1572.5;0.4909628961608095
1147;1573;0.4910293519386407
1148;1573.5;0.4910723575766253
1149;1574;0.49109067781902
1150;1574.5;0.4910830776100812
1151;1575;0.49104832189406533
1152;1575.5;0.49098517551522936
1153;1576;0.4908924035178295
1154;1576.5;0.49076837703438214
1155;1577;0.49060848702318616
1156;1577.5;0.490416381588976
1157;1578;0.49019786664956844
1158;1578.5;0.48995874682278034
1159;1579;0.48970482722642855
1160;1579.5;0.48944191257832975
1161;1580;0.489175807696301
1162;1580.5;0.488912317498159
1163;1581;0.48865724670172056
1164;1581.5;0.48841608572281403
1165;1582;0.48816767413328443
1166;1582.5;0.4879057058002253
1167;1583;0.4876371823450306
1168;1583.5;0.48736788808909387
1169;1584;0.48710360725380897
1170;1584.5;0.4868501241605697
1171;1585;0.4866132232307699
1172;1585.5;0.4863986887858033
1173;1586;0.4862123050470636
1174;1586.5;0.48605985633594484
1175;1587;0.4859271513572261
1176;1587.5;0.485795052586868
1177;1588;0.4856690077927617
1178;1588.5;0.48555295448870356
1179;1589;0.48545083048849025
1180;1589.5;0.4853665731059178
1181;1590;0.48530412005478285
1182;1590.5;0.48526740894888165
1183;1591;0.48526037720201104
1184;1591.5;0.4852869625279668
1185;1592;0.48534244596425397
1186;1592.5;0.4854048663019871
1187;1593;0.48547188258958185
1188;1593.5;0.48554246532090267
1189;1594;0.48561558488981466
1190;1594.5;0.48569021179018224
1191;1595;0.48576531621587016
1192;1595.5;0.48583986876074314
1193;1596;0.48591283971866606
1194;1596.5;0.48598319968350356
1195;1597;0.4860510197574318
1196;1597.5;0.48612095962585194
1197;1598;0.4861923985246793
1198;1598.5;0.4862643256361304
1199;1599;0.4863357389424216
1200;1599.5;0.4864056366257693
1201;1600;0.4864730165683902
1202;1600.5;0.4865368768525003
1203;1601;0.48659621556031657
1204;1601.5;0.486650030674055
1205;1602;0.4866959314336513
1206;1602.5;0.48671640518498654
1207;1603;0.4867094703044879
1208;1603.5;0.48667895115043985
1209;1604;0.4866286675811269
1210;1604.5;0.4865624397548337
1211;1605;0.48648408752984473
1212;1605.5;0.48639743106444466
1213;1606;0.4863062901169181
1214;1606.5;0.4862144848455497
1215;1607;0.48612551649459423
1216;1607.5;0.4860239917568535
1217;1608;0.48590268882874205
1218;1608.5;0.48576404032207865
1219;1609;0.48561020004868194
1220;1609.5;0.485443321920371
1221;1610;0.4852655599489645
1222;1610.5;0.48507906804628115
1223;1611;0.4848860000241403
1224;1611.5;0.4846885098943602
1225;1612;0.48448875156876003
1226;1612.5;0.4842816441044501
1227;1613;0.4840596134558412
1228;1613.5;0.48382368636769757
1229;1614;0.483575033657025
1230;1614.5;0.48331482614082866
1231;1615;0.4830442346361143
1232;1615.5;0.4827644302598874
1233;1616;0.48247658362915347
1234;1616.5;0.4821818656609181
1235;1617;0.4818814472721867
1236;1617.5;0.4815724717536122
1237;1618;0.48124689825059785
1238;1618.5;0.4809066564644805
1239;1619;0.4805547766332648
1240;1619.5;0.4801942889949548
1241;1620;0.47982822378755524
1242;1620.5;0.47945961134907017
1243;1621;0.4790914820175045
1244;1621.5;0.4787268659308624
1245;1622;0.47836879332714827
1246;1622.5;0.4780159297810461
1247;1623;0.4776539044860037
1248;1623.5;0.4772856515030125
1249;1624;0.47691502560156096
1250;1624.5;0.4765458775511372
1251;1625;0.4761820579212298
1252;1625.5;0.4758274174813269
1253;1626;0.47548580710091715
1254;1626.5;0.4751610774494887
1255;1627;0.47485707929653
1256;1627.5;0.4745754617191949
1257;1628;0.4742986542736899
1258;1628.5;0.4740222048722762
1259;1629;0.47374929047698033
1260;1629.5;0.47348320514982917
1261;1630;0.47322724295284946
1262;1630.5;0.47298469794806797
1263;1631;0.4727588642975113
1264;1631.5;0.4725530361632063
1265;1632;0.4723705075071797
1266;1632.5;0.4722137846716888
1267;1633;0.47206416572619336
1268;1633.5;0.4719090628766861
1269;1634;0.47175088815949506
1270;1634.5;0.47159282581094814
1271;1635;0.4714380600673733
1272;1635.5;0.4712897753650987
1273;1636;0.47115115584045214
1274;1636.5;0.4710253858297616
1275;1637;0.47091564966935506
1276;1637.5;0.47082511108162484
1277;1638;0.47074815300208395
1278;1638.5;0.4706743913367739
1279;1639;0.470603424852767
1280;1639.5;0.4705360531171355
1281;1640;0.4704730753969514
1282;1640.5;0.4704152910592871
1283;1641;0.47036349927121474
1284;1641.5;0.4703184995998065
1285;1642;0.4702810913121346
1286;1642.5;0.47025207357527127
1287;1643;0.4702354327962633
1288;1643.5;0.4702333371144821
1289;1644;0.4702432097004391
1290;1644.5;0.4702633763583727
1291;1645;0.47029216299252063
1292;1645.5;0.47032789550712106
1293;1646;0.47036889950641203
1294;1646.5;0.4704135009946315
1295;1647;0.4704600257760177
1296;1647.5;0.47050679955480845
1297;1648;0.47055536770455414
1298;1648.5;0.47060981000846136
1299;1649;0.47066761881522695
1300;1649.5;0.4707285353980136
1301;1650;0.4707923011299844
1302;1650.5;0.47085865748430156
1303;1651;0.4709273457341281
1304;1651.5;0.4709981073526266
1305;1652;0.47107068371295996
1306;1652.5;0.4711448160882907
1307;1653;0.4712212074121204
1308;1653.5;0.4713016292359173
1309;1654;0.4713828782552363
1310;1654.5;0.47146553799529994
1311;1655;0.4715502180813312
1312;1655.5;0.4716375277385526
1313;1656;0.47172807639218756
1314;1656.5;0.4718224733674582
1315;1657;0.4719213281895878
1316;1657.5;0.4720252500837988
1317;1658;0.47213467805711834
1318;1658.5;0.4722458609816946
1319;1659;0.472353341998617
1320;1659.5;0.47245908060414693
1321;1660;0.47256533089454533
1322;1660.5;0.472674347266074
1323;1661;0.47278838411499385
1324;1661.5;0.4729096955375661
1325;1662;0.47304053603005247
1326;1662.5;0.4731831597887138
1327;1663;0.4733397720840328
1328;1663.5;0.47350968921868636
1329;1664;0.473686976606903
1330;1664.5;0.473870147859021
1331;1665;0.47405828518537885
1332;1665.5;0.4742504708963149
1333;1666;0.4744457873021677
1334;1666.5;0.4746433167132757
1335;1667;0.47484214143997744
1336;1667.5;0.4750413437926112
1337;1668;0.475240009556997
1338;1668.5;0.47543852704608236
1339;1669;0.4756399770238192
1340;1669.5;0.47584535458724597
1341;1670;0.47605516623340066
1342;1670.5;0.4762699185593219
1343;1671;0.4764901183620478
1344;1671.5;0.4767162720386165
1345;1672;0.4769488863860665
1346;1672.5;0.47718846780143587
1347;1673;0.4774355230817629
1348;1673.5;0.47769649559107313
1349;1674;0.47797826468528903
1350;1674.5;0.4782788785784578
1351;1675;0.47859651429707417
1352;1675.5;0.4789293485676332
1353;1676;0.4792755581166296
1354;1676.5;0.4796333198705585
1355;1677;0.4800008106559148
1356;1677.5;0.4803762070991934
1357;1678;0.4807576861268892
1358;1678.5;0.4811523370688405
1359;1679;0.4815811541917866
1360;1679.5;0.48204338055197216
1361;1680;0.4825358304783416
1362;1680.5;0.48305531849984024
1363;1681;0.48359865914541256
1364;1681.5;0.4841626668440037
1365;1682;0.4847441562245584
1366;1682.5;0.4853399415160215
1367;1683;0.4859468374473379
1368;1683.5;0.48657242909293225
1369;1684;0.4872569180299444
1370;1684.5;0.4880018777642044
1371;1685;0.48880178861380985
1372;1685.5;0.4896511309968582
1373;1686;0.4905443852314468
1374;1686.5;0.49147603163567305
1375;1687;0.49244055072763465
1376;1687.5;0.4934324227254285
1377;1688;0.49444612814715255
1378;1688.5;0.4954837167593481
1379;1689;0.4965891925612844
1380;1689.5;0.4977642631593338
1381;1690;0.4990013553869647
1382;1690.5;0.500292897477646
1383;1691;0.5016313173648465
1384;1691.5;0.5030090433820346
1385;1692;0.5044185035626791
1386;1692.5;0.5058521259402489
1387;1693;0.5073023388482125
1388;1693.5;0.5087647553628021
1389;1694;0.510272508406918
1390;1694.5;0.5118301872789498
1391;1695;0.5134296957782024
1392;1695.5;0.5150629262039808
1393;1696;0.5167217705555893
1394;1696.5;0.5183981209323332
1395;1697;0.5200838696335172
1396;1697.5;0.521770908558446
1397;1698;0.5234511301064243
1398;1698.5;0.525117523872872
1399;1699;0.5267957472728724
1400;1699.5;0.528487326129327
1401;1700;0.530185480212476
1402;1700.5;0.5318844688925586
1403;1701;0.5335785516398149
1404;1701.5;0.535261987724485
1405;1702;0.5369290363168083
1406;1702.5;0.5385739569870248
1407;1703;0.5401910090053744
1408;1703.5;0.5417746157340627
1409;1704;0.543355145010951
1410;1704.5;0.5449462349942567
1411;1705;0.5465345361716609
1412;1705.5;0.548107528430845
1413;1706;0.5496526918594897
1414;1706.5;0.5511575064452765
1415;1707;0.5526094522758862
1416;1707.5;0.5539960092390002
1417;1708;0.5553046576222991
1418;1708.5;0.5565228772134644
1419;1709;0.557686855242763
1420;1709.5;0.558843932941142
1421;1710;0.559979132009452
1422;1710.5;0.5610768398117287
1423;1711;0.5621214436120072
1424;1711.5;0.5630973308743239
1425;1712;0.5639888888627143
1426;1712.5;0.5647805051412138
1427;1713;0.5654565668738583
1428;1713.5;0.5660014616246836
1429;1714;0.5664537163246228
1430;1714.5;0.5669043026586771
1431;1715;0.5673428089321814
1432;1715.5;0.5677556071891916
1433;1716;0.5681290696737654
1434;1716.5;0.5684495686299591
1435;1717;0.5687034760018295
1436;1717.5;0.5688771641334336
1437;1718;0.568957005168828
1438;1718.5;0.5689293711520695
1439;1719;0.5687970698116137
1440;1719.5;0.5685981855957536
1441;1720;0.5683389332938434
1442;1720.5;0.5680267964503135
1443;1721;0.5676692583095939
1444;1721.5;0.5672738025161147
1445;1722;0.5668479123143062
1446;1722.5;0.5663990711485984
1447;1723;0.5659347624634213
1448;1723.5;0.5654624697032051
1449;1724;0.5649806421784329
1450;1724.5;0.56445494703971
1451;1725;0.5638865341337955
1452;1725.5;0.5632861696283403
1453;1726;0.5626646221909949
1454;1726.5;0.5620326607894104
1455;1727;0.5614010540912372
1456;1727.5;0.5607805707641262
1457;1728;0.5601819797757284
1458;1728.5;0.5596160497936942
1459;1729;0.5590860141757223
1460;1729.5;0.5585512798097044
1461;1730;0.5580101325878963
1462;1730.5;0.5574716765935399
1463;1731;0.5569450419098761
1464;1731.5;0.5564393588201468
1465;1732;0.5559637574075935
1466;1732.5;0.5555273677554577
1467;1733;0.5551393201469811
1468;1733.5;0.554808744665405
1469;1734;0.5545416228283102
1470;1734.5;0.5543118924688819
1471;1735;0.5541140566179956
1472;1735.5;0.5539518212431156
1473;1736;0.553828926811706
1474;1736.5;0.5537491138912305
1475;1737;0.5537161228491534
1476;1737.5;0.553733694252939
1477;1738;0.5538055686700509
1478;1738.5;0.5539354865679536
1479;1739;0.5541271583784406
1480;1739.5;0.5543804908215276
1481;1740;0.554688200203129
1482;1740.5;0.5550413806890949
1483;1741;0.5554310542452761
1484;1741.5;0.5558482423375223
1485;1742;0.5562839665316843
1486;1742.5;0.556729248793612
1487;1743;0.5571751103891562
1488;1743.5;0.5576125732841669
1489;1744;0.5580336624098576
1490;1744.5;0.5584716573851345
1491;1745;0.5589396690060107
1492;1745.5;0.5594269117996987
1493;1746;0.5599224269934118
1494;1746.5;0.5604152555143631
1495;1747;0.5608944382897652
1496;1747.5;0.5613490163468315
1497;1748;0.5617680306127748
1498;1748.5;0.562140522014808
1499;1749;0.5624555957637177
1500;1749.5;0.5627155181374678
1501;1750;0.5629292859021289
1502;1750.5;0.5630978487753648
1503;1751;0.5632217046748396
1504;1751.5;0.5633013516182167
1505;1752;0.5633372875231604
1506;1752.5;0.5633300104073342
1507;1753;0.563280018288402
1508;1753.5;0.5631878091840277
1509;1754;0.5630538810118749
1510;1754.5;0.5628574200184803
1511;1755;0.5625842309392007
1512;1755.5;0.5622440218614042
1513;1756;0.5618461838598849
1514;1756.5;0.5614001085094372
1515;1757;0.5609151867848551
1516;1757.5;0.5604008101609332
1517;1758;0.5598663697124654
1518;1758.5;0.5593212569142463
1519;1759;0.5587748629410699
1520;1759.5;0.5582136279609037
1521;1760;0.5576123594083306
1522;1760.5;0.5569763059473684
1523;1761;0.5563111420672787
1524;1761.5;0.5556225420573238
1525;1762;0.5549161804067648
1526;1762.5;0.5541977314048643
1527;1763;0.5534728695408837
1528;1763.5;0.552747269204085
1529;1764;0.55202660468373
1530;1764.5;0.5513032827302825
1531;1765;0.5505594903840457
1532;1765.5;0.5498004466618045
1533;1766;0.5490315444687122
1534;1766.5;0.5482581766099218
1535;1767;0.5474857358905867
1536;1767.5;0.5467196153158597
1537;1768;0.5459652075908941
1538;1768.5;0.545227905620843
1539;1769;0.5445131022108594
1540;1769.5;0.5438160809522211
1541;1770;0.5431169502827153
1542;1770.5;0.5424184840007034
1543;1771;0.5417252458672314
1544;1771.5;0.5410417999433456
1545;1772;0.540372710090092
1546;1772.5;0.5397225401685171
1547;1773;0.5390958541396669
1548;1773.5;0.5384972159645877
1549;1774;0.5379311896043255
1550;1774.5;0.5373943727493471
1551;1775;0.5368636993199641
1552;1775.5;0.5363387070452582
1553;1776;0.535823757189706
1554;1776.5;0.5353232113177844
1555;1777;0.5348414307939697
1556;1777.5;0.5343827770827391
1557;1778;0.5339516116485686
1558;1778.5;0.5335522959559357
1559;1779;0.5331891913693163
1560;1779.5;0.532860368425071
1561;1780;0.5325445676686811
1562;1780.5;0.5322390911533585
1563;1781;0.5319451323084069
1564;1781.5;0.5316638842631302
1565;1782;0.5313965405468317
1566;1782.5;0.5311442941888156
1567;1783;0.530908338618385
1568;1783.5;0.5306898671648442
1569;1784;0.5304900730574964
1570;1784.5;0.5303080034032359
1571;1785;0.5301347768994487
1572;1785.5;0.5299686084306736
1573;1786;0.5298079840550421
1574;1786.5;0.5296513866306856
1575;1787;0.5294972992157349
1576;1787.5;0.5293442045683214
1577;1788;0.5291905856465766
1578;1788.5;0.5290349255086314
1579;1789;0.5288757069126173
1580;1789.5;0.5287121491763669
1581;1790;0.528547398107021
1582;1790.5;0.5283822196753706
1583;1791;0.5282169064448161
1584;1791.5;0.5280517519787582
1585;1792;0.527887050240597
1586;1792.5;0.5277230949937335
1587;1793;0.5275601798015677
1588;1793.5;0.5273985987275005
1589;1794;0.5272386453349321
1590;1794.5;0.5270801831949805
1591;1795;0.5269207307893027
1592;1795.5;0.5267603198405517
1593;1796;0.5265997987897327
1594;1796.5;0.5264400204778512
1595;1797;0.5262818379459128
1596;1797.5;0.5261261041349227
1597;1798;0.5259736719858863
1598;1798.5;0.5258253944398092
1599;1799;0.5256821244376967
1600;1799.5;0.525544534274234
1601;1800;0.5254110646404372
1602;1800.5;0.5252799325748787
1603;1801;0.5251513483230179
1604;1801.5;0.525025582830315
1605;1802;0.5249029066422295
1606;1802.5;0.5247835906042209
1607;1803;0.5246679053617491
1608;1803.5;0.5245561215602739
1609;1804;0.5244485099452548
1610;1804.5;0.5243460139239671
1611;1805;0.524254338346069
1612;1805.5;0.5241731349781891
1613;1806;0.5240992964383895
1614;1806.5;0.5240296715447322
1615;1807;0.5239611089152794
1616;1807.5;0.5238904573680933
1617;1808;0.5238145655212358
1618;1808.5;0.5237302821927691
1619;1809;0.5236344560007555
1620;1809.5;0.5235237314394499
1621;1810;0.5233955832562956
1622;1810.5;0.5232545115541052
1623;1811;0.5231034671473738
1624;1811.5;0.5229452332505968
1625;1812;0.5227825929782697
1626;1812.5;0.5226183293448877
1627;1813;0.5224552255649462
1628;1813.5;0.5222960647529404
1629;1814;0.5221436299233659
1630;1814.5;0.5219999229523856
1631;1815;0.5218587278279371
1632;1815.5;0.5217189691489306
1633;1816;0.5215810067043745
1634;1816.5;0.5214451523832772
1635;1817;0.5213117182746465
1636;1817.5;0.5211810164674913
1637;1818;0.5210533588508194
1638;1818.5;0.5209290575136393
1639;1819;0.5208084245449588
1640;1819.5;0.5206912801206391
1641;1820;0.5205706162275716
1642;1820.5;0.5204411979722585
1643;1821;0.5203059117021928
1644;1821.5;0.520168134564868
1645;1822;0.5200312435077776
1646;1822.5;0.5198986156784149
1647;1823;0.519773628224273
1648;1823.5;0.5196596579928454
1649;1824;0.5195600822316255
1650;1824.5;0.5194779715296177
1651;1825;0.5194104133301072
1652;1825.5;0.5193505385409458
1653;1826;0.5192963970527658
1654;1826.5;0.5192464757561995
1655;1827;0.5191992618418794
1656;1827.5;0.5191532423004372
1657;1828;0.5191069043225057
1658;1828.5;0.519058734698717
1659;1829;0.5190072207197033
1660;1829.5;0.5189512102432972
1661;1830;0.5188946397798473
1662;1830.5;0.5188400181966923
1663;1831;0.518786668224134
1664;1831.5;0.5187337378924737
1665;1832;0.5186803751320133
1666;1832.5;0.5186257281730542
1667;1833;0.5185689447458982
1668;1833.5;0.5185091729808466
1669;1834;0.5184455609082013
1670;1834.5;0.5183771924601198
1671;1835;0.5183006261025837
1672;1835.5;0.5182093341041567
1673;1836;0.5181054611281054
1674;1836.5;0.5179919354376957
1675;1837;0.5178716854961939
1676;1837.5;0.5177476398668659
1677;1838;0.517622726912978
1678;1838.5;0.5174998749977961
1679;1839;0.5173820126845866
1680;1839.5;0.5172719625799721
1681;1840;0.5171691498064325
1682;1840.5;0.5170665501257097
1683;1841;0.5169631739744999
1684;1841.5;0.5168587329894991
1685;1842;0.5167529387074045
1686;1842.5;0.5166455025649117
1687;1843;0.5165361362987176
1688;1843.5;0.5164245512455182
1689;1844;0.51631045914201
1690;1844.5;0.5161930979850459
1691;1845;0.51606753773079
1692;1845.5;0.5159341002711331
1693;1846;0.5157948477305065
1694;1846.5;0.5156518431333412
1695;1847;0.515507149304068
1696;1847.5;0.5153628294671184
1697;1848;0.5152209465469231
1698;1848.5;0.515083563467913
1699;1849;0.5149527434545196
1700;1849.5;0.5148302400842308
1701;1850;0.5147149668698993
1702;1850.5;0.5146078846490652
1703;1851;0.5145072840530596
1704;1851.5;0.5144111775132136
1705;1852;0.5143175772608581
1706;1852.5;0.514224495527324
1707;1853;0.5141299448439423
1708;1853.5;0.5140319373420439
1709;1854;0.5139284854529598
1710;1854.5;0.5138170791420771
1711;1855;0.5136914633718213
1712;1855.5;0.5135504002679263
1713;1856;0.5133986021126902
1714;1856.5;0.5132411027884101
1715;1857;0.5130829363773837
1716;1857.5;0.5129291367619085
1717;1858;0.5127847379242821
1718;1858.5;0.512654774046802
1719;1859;0.5125442789117657
1720;1859.5;0.512457032303916
1721;1860;0.512385214096845
1722;1860.5;0.5123203016979482
1723;1861;0.512261564273479
1724;1861.5;0.5122087785896909
1725;1862;0.5121617210128374
1726;1862.5;0.5121201681091719
1727;1863;0.5120838964449481
1728;1863.5;0.5120526825864193
1729;1864;0.5120263030998389
1730;1864.5;0.512005709007571
1731;1865;0.5119977010013641
1732;1865.5;0.5120026559471893
1733;1866;0.5120189545976415
1734;1866.5;0.5120449360053148
1735;1867;0.5120789393228035
1736;1867.5;0.5121193033027021
1737;1868;0.5121643670976049
1738;1868.5;0.5122124696601065
1739;1869;0.512261950042801
1740;1869.5;0.5123176004442149
1741;1870;0.5124083997369154
1742;1870.5;0.5125317455825251
1743;1871;0.512682830662575
1744;1871.5;0.5128569616585962
1745;1872;0.5130494450521199
1746;1872.5;0.5132555875246769
1747;1873;0.513470695757799
1748;1873.5;0.5136900764330167
1749;1874;0.5139090360318612
1750;1874.5;0.5141306959093024
1751;1875;0.5143834537172656
1752;1875.5;0.5146670629414908
1753;1876;0.514978659364923
1754;1876.5;0.5153154148705086
1755;1877;0.5156745013411929
1756;1877.5;0.5160530907599216
1757;1878;0.5164483550096407
1758;1878.5;0.5168574660732957
1759;1879;0.5172775958338324
1760;1879.5;0.5177153081618606
1761;1880;0.5181977313547488
1762;1880.5;0.5187220051605366
1763;1881;0.5192833873854228
1764;1881.5;0.5198771468356064
1765;1882;0.5204985526172864
1766;1882.5;0.5211428736366619
1767;1883;0.5218053788999315
1768;1883.5;0.5224813373132944
1769;1884;0.5231660179829495
1770;1884.5;0.5238646557570437
1771;1885;0.524598276735784
1772;1885.5;0.5253626376431788
1773;1886;0.5261523053974286
1774;1886.5;0.526961849216734
1775;1887;0.5277858383192956
1776;1887.5;0.5286188419233143
1777;1888;0.5294554293469906
1778;1888.5;0.5302901697085254
1779;1889;0.5311176325261193
1780;1889.5;0.5319421442239414
1781;1890;0.532778650177427
1782;1890.5;0.5336239765603338
1783;1891;0.5344746931484592
1784;1891.5;0.5353273705176006
1785;1892;0.5361785787435556
1786;1892.5;0.5370248881021216
1787;1893;0.5378628690690958
1788;1893.5;0.5386890918202759
1789;1894;0.5395001267314594
1790;1894.5;0.5402976779526398
1791;1895;0.5410886389739314
1792;1895.5;0.541873395069112
1793;1896;0.5426518623740738
1794;1896.5;0.5434239567247084
1795;1897;0.5441895941569083
1796;1897.5;0.5449486907065653
1797;1898;0.5457011623095713
1798;1898.5;0.5464469249018187
1799;1899;0.5471858946191991
1800;1899.5;0.5479132981727565
1801;1900;0.5486252157205393
1802;1900.5;0.5493247506571178
1803;1901;0.5500157534030521
1804;1901.5;0.550702074278902
1805;1902;0.5513875635052282
1806;1902.5;0.5520760714025906
1807;1903;0.5527714483915495
1808;1903.5;0.553477544692665
1809;1904;0.5541981893942425
1810;1904.5;0.5549329150197087
1811;1905;0.555679722301613
1812;1905.5;0.5564368310911203
1813;1906;0.5572018115393954
1814;1906.5;0.557972233897603
1815;1907;0.5587456684169081
1816;1907.5;0.5595196852484755
1817;1908;0.5602918547434699
1818;1908.5;0.5610597470530558
1819;1909;0.5618209940095674
1820;1909.5;0.5625756503519063
1821;1910;0.5633229913087573
1822;1910.5;0.5640642739963235
1823;1911;0.5648015977308084
1824;1911.5;0.5655370616284152
1825;1912;0.5662727650053472
1826;1912.5;0.5670108069778077
1827;1913;0.5677532870619997
1828;1913.5;0.5685023041741268
1829;1914;0.5692598610030386
1830;1914.5;0.5700259747017683
1831;1915;0.5707954938408942
1832;1915.5;0.5715673473714533
1833;1916;0.5723419757444825
1834;1916.5;0.5731198193110189
1835;1917;0.5739013184220992
1836;1917.5;0.5746869134287604
1837;1918;0.57547704468204
1838;1918.5;0.5762721525329744
1839;1919;0.5770733519285275
1840;1919.5;0.5778853463724378
1841;1920;0.5787057366264124
1842;1920.5;0.5795315688505553
1843;1921;0.5803600784049708
1844;1921.5;0.581188501049763
1845;1922;0.582014072045036
1846;1922.5;0.5828340269508938
1847;1923;0.5836456014274408
1848;1923.5;0.5844460307347813
1849;1924;0.5852344031481593
1850;1924.5;0.5860176578326117
1851;1925;0.5867965482626024
1852;1925.5;0.5875702833888651
1853;1926;0.588338014462133
1854;1926.5;0.5890988924331395
1855;1927;0.589852068452618
1856;1927.5;0.5905966935713014
1857;1928;0.5913319189399235
1858;1928.5;0.5920568956092177
1859;1929;0.5927732401664825
1860;1929.5;0.593486250010762
1861;1930;0.5941933281425623
1862;1930.5;0.594892522677854
1863;1931;0.595581943432608
1864;1931.5;0.596259700422795
1865;1932;0.5969239033643857
1866;1932.5;0.5975726623733507
1867;1933;0.5982040870656613
1868;1933.5;0.5988162874572875
1869;1934;0.5994148795169622
1870;1934.5;0.6000091957713656
1871;1935;0.6005943269912091
1872;1935.5;0.6011672619544802
1873;1936;0.6017250286391664
1874;1936.5;0.6022646545232548
1875;1937;0.6027831674847336
1876;1937.5;0.6032775951015898
1877;1938;0.6037449651518111
1878;1938.5;0.60418230542137
1879;1939;0.604608752061847
1880;1939.5;0.6050398763255138
1881;1940;0.6054670232842453
1882;1940.5;0.6058819154099152
1883;1941;0.6062762755743983
1884;1941.5;0.606641826549569
1885;1942;0.6069702910073013
1886;1942.5;0.6072533917194699
1887;1943;0.607482851657949
1888;1943.5;0.6076512569531614
1889;1944;0.6077924265911465
1890;1944.5;0.6079250147059977
1891;1945;0.6080462781712818
1892;1945.5;0.608153575360566
1893;1946;0.6082442644474175
1894;1946.5;0.6083157035054036
1895;1947;0.6083652509080911
1896;1947.5;0.6083902646290474
1897;1948;0.6083881030418397
1898;1948.5;0.6083567073881145
1899;1949;0.6083022236243221
1900;1949.5;0.608226717757447
1901;1950;0.6081314160840744
1902;1950.5;0.6080182450007896
1903;1951;0.6078891306041778
1904;1951.5;0.6077459993908241
1905;1952;0.6075907775573135
1906;1952.5;0.6074253915002316
1907;1953;0.607251767416163
1908;1953.5;0.6070670595517171
1909;1954;0.6068477694641015
1910;1954.5;0.6065950270505531
1911;1955;0.6063139846510011
1912;1955.5;0.6060097918053748
1913;1956;0.6056875974536032
1914;1956.5;0.6053525511356155
1915;1957;0.6050098019913406
1916;1957.5;0.6046644992607078
1917;1958;0.604321792283646
1918;1958.5;0.603980677000062
1919;1959;0.6036267110801085
1920;1959.5;0.6032603895077251
1921;1960;0.6028831100959635
1922;1960.5;0.6024962346578759
1923;1961;0.6021011246065134
1924;1961.5;0.601699141354928
1925;1962;0.6012916465161714
1926;1962.5;0.6008800016032954
1927;1963;0.6004655680293516
1928;1963.5;0.6000453861306726
1929;1964;0.5996117471267575
1930;1964.5;0.5991605850002746
1931;1965;0.5986956684264492
1932;1965.5;0.5982210528805061
1933;1966;0.5977407943376705
1934;1966.5;0.5972589484731678
1935;1967;0.5967795709622228
1936;1967.5;0.5963067176800612
1937;1968;0.5958443967876386
1938;1968.5;0.5953913922958103
1939;1969;0.5949426703067117
1940;1969.5;0.5944945291391492
1941;1970;0.5940481591119298
1942;1970.5;0.5936047606438597
1943;1971;0.593165533753746
1944;1971.5;0.5927316788603952
1945;1972;0.5923043959826139
1946;1972.5;0.5918848854392087
1947;1973;0.5914741888952162
1948;1973.5;0.5910712088864566
1949;1974;0.5906756486193988
1950;1974.5;0.5902868861575488
1951;1975;0.5899041938644121
1952;1975.5;0.5895268442034944
1953;1976;0.5891541096383015
1954;1976.5;0.5887852625323392
1955;1977;0.588419575349113
1956;1977.5;0.588056320452129
1957;1978;0.5876933878405192
1958;1978.5;0.5873240331727821
1959;1979;0.5869499902592199
1960;1979.5;0.5865748361052917
1961;1980;0.5862021060164561
1962;1980.5;0.5858353348981722
1963;1981;0.5854780578558991
1964;1981.5;0.5851338099950956
1965;1982;0.5848061262212207
1966;1982.5;0.5844985417397336
1967;1983;0.5842086991775209
1968;1983.5;0.5839269229403088
1969;1984;0.583655100730718
1970;1984.5;0.5833949484077564
1971;1985;0.5831481837304322
1972;1985.5;0.582916524557753
1973;1986;0.5827016885487264
1974;1986.5;0.5825053934623607
1975;1987;0.5823293572576633
1976;1987.5;0.5821752956891092
1977;1988;0.582038624370635
1978;1988.5;0.5819139909669506
1979;1989;0.5818026218409266
1980;1989.5;0.5817056340554331
1981;1990;0.5816241209733407
1982;1990.5;0.5815591759575198
1983;1991;0.5815118922708409
1984;1991.5;0.581483363476174
1985;1992;0.5814746827363899
1986;1992.5;0.5814882145728983
1987;1993;0.5815481000762069
1988;1993.5;0.5816588921870455
1989;1994;0.58181423218856
1990;1994.5;0.5820080726638963
1991;1995;0.5822343662962002
1992;1995.5;0.5824870656686179
1993;1996;0.582760123564295
1994;1996.5;0.5830474925663773
1995;1997;0.583343125458011
1996;1997.5;0.5836498907348077
1997;1998;0.5840087087171881
1998;1998.5;0.5844186437806913
1999;1999;0.5848723250963888
2000;1999.5;0.5853624846353516
2001;2000;0.585881854668651
2002;2000.5;0.5864231674673582
2003;2001;0.5869791549025447
2004;2001.5;0.5875425494452815
2005;2002;0.5881060830666398
2006;2002.5;0.588681242208982
2007;2003;0.5892985557430757
2008;2003.5;0.5899481859060005
2009;2004;0.5906196578891718
2010;2004.5;0.5913027321840054
2011;2005;0.5919871691819169
2012;2005.5;0.5926627294743216
2013;2006;0.5933191733526357
2014;2006.5;0.5939462615082742
2015;2007;0.5945338839732236
2016;2007.5;0.595099108432769
2017;2008;0.5956572133841023
2018;2008.5;0.5962055021570924
2019;2009;0.5967407710816086
2020;2009.5;0.5972597795875199
2021;2010;0.5977592867046951
2022;2010.5;0.5982360519630037
2023;2011;0.5986868344923144
2024;2011.5;0.5991083937224965
2025;2012;0.599498932332281
2026;2012.5;0.5998721869422743
2027;2013;0.6002304994790981
2028;2013.5;0.6005721499664809
2029;2014;0.6008976750281507
2030;2014.5;0.6012076129878359
2031;2015;0.6015025023692644
2032;2015.5;0.6017828815961648
2033;2016;0.6020492889922648
2034;2016.5;0.602302263181293
2035;2017;0.6025404494503144
2036;2017.5;0.6027600711184407
2037;2018;0.6029633700681997
2038;2018.5;0.6031542197140716
2039;2019;0.6033373744705361
2040;2019.5;0.6035175889520739
2041;2020;0.6036996176731643
2042;2020.5;0.6038882150482876
2043;2021;0.6040881357919237
2044;2021.5;0.6043041342185527
2045;2022;0.6045366280488764
2046;2022.5;0.6047823093841711
2047;2023;0.6050393091756395
2048;2023.5;0.6053082181094768
2049;2024;0.6055900605718779
2050;2024.5;0.6058858607490383
2051;2025;0.6061966426271528
2052;2025.5;0.6065234304924167
2053;2026;0.6068672486310251
2054;2026.5;0.6072316579650844
2055;2027;0.6076596712200336
2056;2027.5;0.6081607474783899
2057;2028;0.6087261964822674
2058;2028.5;0.6093486382737814
2059;2029;0.6100207430950461
2060;2029.5;0.6107351814881764
2061;2030;0.6114846237952869
2062;2030.5;0.6122617402584922
2063;2031;0.6130592014199069
2064;2031.5;0.6138875445349351
2065;2032;0.6148087750022369
2066;2032.5;0.6158216712793194
2067;2033;0.6169172349543979
2068;2033.5;0.6180854265156868
2069;2034;0.6193162063514006
2070;2034.5;0.6205995349497545
2071;2035;0.6219253724989628
2072;2035.5;0.6232836796872407
2073;2036;0.6246644167028027
2074;2036.5;0.6260966416412735
2075;2037;0.627613977117344
2076;2037.5;0.6291961069494911
2077;2038;0.6308287193865967
2078;2038.5;0.6324991251775427
2079;2039;0.634194635171211
2080;2039.5;0.6359025601164834
2081;2040;0.6376102108622417
2082;2040.5;0.6393048981573678
2083;2041;0.6409799535482339
2084;2041.5;0.6427169013079246
2085;2042;0.6445251855633293
2086;2042.5;0.646376110694993
2087;2043;0.6482390768834605
2088;2043.5;0.6500834486092764
2089;2044;0.6518785906529857
2090;2044.5;0.653593867495133
2091;2045;0.6551986438162632
2092;2045.5;0.6566622840969214
2093;2046;0.6579875732908755
2094;2046.5;0.659261658641725
2095;2047;0.6604740095434946
2096;2047.5;0.6616071814956035
2097;2048;0.6626422819974715
2098;2048.5;0.663560418448518
2099;2049;0.6643426986481626
2100;2049.5;0.6649702297958251
2101;2050;0.6654241196909247
2102;2050.5;0.6656854636190598
2103;2051;0.6657086892922534
2104;2051.5;0.6654804903220628
2105;2052;0.6650235876402772
2106;2052.5;0.664361185978686
2107;2053;0.6635170813690782
2108;2053.5;0.6625150695432435
2109;2054;0.6613789464329709
2110;2054.5;0.66013250797005
2111;2055;0.6587995499862699
2112;2055.5;0.6573824578325641
2113;2056;0.6557113513176073
2114;2056.5;0.6537833011630502
2115;2057;0.6516479688069909
2116;2057.5;0.6493538611875271
2117;2058;0.6469493914427578
2118;2058.5;0.6444829729107799
2119;2059;0.6420030188296924
2120;2059.5;0.6395579425375929
2121;2060;0.6371961572725795
2122;2060.5;0.6348901090047051
2123;2061;0.6325118106139715
2124;2061.5;0.6300825422424132
2125;2062;0.6276292855409983
2126;2062.5;0.625179554060695
2127;2063;0.6227608613524724
2128;2063.5;0.6204007212672984
2129;2064;0.6181266473561418
2130;2064.5;0.6159661533699706
2131;2065;0.6139442551240168
2132;2065.5;0.6119883712440858
2133;2066;0.6100653941569172
2134;2066.5;0.6081901558425387
2135;2067;0.6063783106809773
2136;2067.5;0.6046457531522609
2137;2068;0.6030083778364169
2138;2068.5;0.6014820789134727
2139;2069;0.6000827509634558
2140;2069.5;0.5988262884663934
2141;2070;0.5976996291071585
2142;2070.5;0.5965955552275407
2143;2071;0.5955146152810034
2144;2071.5;0.5944704187693015
2145;2072;0.5934787164941906
2146;2072.5;0.5925553322574262
2147;2073;0.5917160893607634
2148;2073.5;0.5909768114059577
2149;2074;0.5903533218947645
2150;2074.5;0.5898614355446952
2151;2075;0.5894379102346191
2152;2075.5;0.5890183588551222
2153;2076;0.5886117141537983
2154;2076.5;0.5882258914782418
2155;2077;0.5878685941760462
2156;2077.5;0.5875475255948059
2157;2078;0.5872703888821147
2158;2078.5;0.5870448874855665
2159;2079;0.5868787245527555
2160;2079.5;0.5867720331560202
2161;2080;0.5866727665133481
2162;2080.5;0.5865712398292109
2163;2081;0.5864680561019064
2164;2081.5;0.5863687537297319
2165;2082;0.586279461010985
2166;2082.5;0.5862063061439639
2167;2083;0.5861554174269654
2168;2083.5;0.5861329229582875
2169;2084;0.5861449511362278
2170;2084.5;0.5861910460788937
2171;2085;0.5862634496989414
2172;2085.5;0.5863565156882787
2173;2086;0.5864620545158381
2174;2086.5;0.5865774961505525
2175;2087;0.5867002827613542
2176;2087.5;0.586827856417176
2177;2088;0.5869576589869506
2178;2088.5;0.5870871325396106
2179;2089;0.5872139598419972
2180;2089.5;0.5873399313641873
2181;2090;0.587467331486081
2182;2090.5;0.5875980550199993
2183;2091;0.5877334263782629
2184;2091.5;0.587874623373193
2185;2092;0.5880228235171103
2186;2092.5;0.5881792048223355
2187;2093;0.5883449450011897
2188;2093.5;0.5885212216659937
2189;2094;0.5887147613097099
2190;2094.5;0.5889353425628973
2191;2095;0.5891793875116178
2192;2095.5;0.5894437687707762
2193;2096;0.5897250355552771
2194;2096.5;0.5900197178800252
2195;2097;0.5903243457599249
2196;2097.5;0.5906354492098812
2197;2098;0.5909495583447985
2198;2098.5;0.5912640095738367
2199;2099;0.591591389643147
2200;2099.5;0.5919366630918222
2201;2100;0.5923001334564563
2202;2100.5;0.5926807022736426
2203;2101;0.5930765869799746
2204;2101.5;0.5934860054120458
2205;2102;0.5939071751064501
2206;2102.5;0.5943383137997806
2207;2103;0.5947776392286312
2208;2103.5;0.5952285032618092
2209;2104;0.5957006172245392
2210;2104.5;0.5961890945075758
2211;2105;0.5966849988433693
2212;2105.5;0.5971877434643706
2213;2106;0.5976973913030297
2214;2106.5;0.5982140054917972
2215;2107;0.5987376490631233
2216;2107.5;0.5992683849494587
2217;2108;0.5998068451367742
2218;2108.5;0.60036544453367
2219;2109;0.6009495500403459
2220;2109.5;0.6015544280813063
2221;2110;0.602175013681056
2222;2110.5;0.6028089703640992
2223;2111;0.6034539614549411
2224;2111.5;0.6041076504780859
2225;2112;0.6047677006580382
2226;2112.5;0.6054317755193027
2227;2113;0.6061007272680357
2228;2113.5;0.6067803794317721
2229;2114;0.6074702460389423
2230;2114.5;0.6081705525760465
2231;2115;0.6088803791295851
2232;2115.5;0.609598643686059
2233;2116;0.6103242645319684
2234;2116.5;0.6110561596538139
2235;2117;0.6117932473380958
2236;2117.5;0.6125359184309795
2237;2118;0.6133065894625154
2238;2118.5;0.6141046051061047
2239;2119;0.6149177336596467
2240;2119.5;0.6157347111210415
2241;2120;0.6165454940881885
2242;2120.5;0.6173400388589875
2243;2121;0.6181083020313378
2244;2121.5;0.6188402401031396
2245;2122;0.6195258095722923
2246;2122.5;0.6201704363878886
2247;2123;0.6207999159250696
2248;2123.5;0.6214141497191212
2249;2124;0.6220105190833648
2250;2124.5;0.6225869449311212
2251;2125;0.6231415266757112
2252;2125.5;0.6236723637304562
2253;2126;0.6241775553086772
2254;2126.5;0.6246552007236951
2255;2127;0.625104912579482
2256;2127.5;0.6255420916148238
2257;2128;0.6259690173134477
2258;2128.5;0.6263837076161709
2259;2129;0.6267843741638105
2260;2129.5;0.6271685825971838
2261;2130;0.6275338983571082
2262;2130.5;0.627877887284401
2263;2131;0.6281981147198791
2264;2131.5;0.6284921464043601
2265;2132;0.6287651569907209
2266;2132.5;0.6290272180406508
2267;2133;0.6292789248680165
2268;2133.5;0.6295210304873791
2269;2134;0.6297539424133
2270;2134.5;0.6299780139603407
2271;2135;0.6301935983430625
2272;2135.5;0.630401048976027
2273;2136;0.6306007191737952
2274;2136.5;0.630791987797606
2275;2137;0.6309697268528252
2276;2137.5;0.6311357165826927
2277;2138;0.63129216639097
2278;2138.5;0.6314419996814185
2279;2139;0.6315891560577993
2280;2139.5;0.6317375750238741
2281;2140;0.6318911959834039
2282;2140.5;0.6320539583401503
2283;2141;0.6322297896325166
2284;2141.5;0.6324174420744313
2285;2142;0.6326149373556227
2286;2142.5;0.632823658299243
2287;2143;0.6330439787284454
2288;2143.5;0.6332761751663828
2289;2144;0.6335205694362077
2290;2144.5;0.6337774831610732
2291;2145;0.6340472379641321
2292;2145.5;0.6343301554685372
2293;2146;0.6346325961957276
2294;2146.5;0.6349739423103007
2295;2147;0.6353515046741576
2296;2147.5;0.6357625162187572
2297;2148;0.6362034621755583
2298;2148.5;0.6366695067760195
2299;2149;0.6371558140515998
2300;2149.5;0.6376575479337576
2301;2150;0.6381698724539517
2302;2150.5;0.6386891274829241
2303;2151;0.6392371014525245
2304;2151.5;0.6398195363756992
2305;2152;0.6404288861591467
2306;2152.5;0.6410543817095653
2307;2153;0.6416937390336533
2308;2153.5;0.6423453247381097
2309;2154;0.6430075051296326
2310;2154.5;0.6436786468149205
2311;2155;0.6443571161006718
2312;2155.5;0.6450521005303986
2313;2156;0.6457806972541467
2314;2156.5;0.6465424429404575
2315;2157;0.6473330299103814
2316;2157.5;0.6481458619849685
2317;2158;0.6489748400852695
2318;2158.5;0.6498138653323343
2319;2159;0.6506568387472136
2320;2159.5;0.6514976612509578
2321;2160;0.6523340672875036
2322;2160.5;0.6531832738424449
2323;2161;0.6540408963664837
2324;2161.5;0.6548989171710693
2325;2162;0.6557524395676507
2326;2162.5;0.6565969339676772
2327;2163;0.6574278474825979
2328;2163.5;0.6582406276238616
2329;2164;0.6590307215029181
2330;2164.5;0.6597937072350752
2331;2165;0.6605369544648594
2332;2165.5;0.6612696571605697
2333;2166;0.6619957471147664
2334;2166.5;0.6627180471200089
2335;2167;0.6634367765688572
2336;2167.5;0.6641518484538713
2337;2168;0.6648631755676108
2338;2168.5;0.6655706709026353
2339;2169;0.6662742472515049
2340;2169.5;0.6669750828163313
2341;2170;0.6676731249366259
2342;2170.5;0.6683631359327367
2343;2171;0.6690418636224289
2344;2171.5;0.6697078830234685
2345;2172;0.6703581936536214
2346;2172.5;0.670989792930653
2347;2173;0.6715996784723292
2348;2173.5;0.6721848476964158
2349;2174;0.6727451061001356
2350;2174.5;0.6732983493669427
2351;2175;0.6738442687854589
2352;2175.5;0.6743767531117741
2353;2176;0.6748861297019777
2354;2176.5;0.6753682786121588
2355;2177;0.6758197789984071
2356;2177.5;0.676237210316812
2357;2178;0.6766171517234628
2358;2178.5;0.6769564800077459
2359;2179;0.6772777643548404
2360;2179.5;0.6775944374193014
2361;2180;0.6779030985578647
2362;2180.5;0.6781961308272669
2363;2181;0.6784666770842442
2364;2181.5;0.6787096173855325
2365;2182;0.6789198318878682
2366;2182.5;0.6790922005479876
2367;2183;0.6792216036226265
2368;2183.5;0.6793237572473936
2369;2184;0.6794331963035296
2370;2184.5;0.6795417865251071
2371;2185;0.6796400817437057
2372;2185.5;0.6797185974909054
2373;2186;0.6797680607982859
2374;2186.5;0.6797792033974268
2375;2187;0.6797427571199081
2376;2187.5;0.6796494537973093
2377;2188;0.6794963026934664
2378;2188.5;0.6793151595400388
2379;2189;0.6791147649866895
2380;2189.5;0.6788984129423048
2381;2190;0.6786687303157719
2382;2190.5;0.6784291629159774
2383;2191;0.6781833316518083
2384;2191.5;0.6779348576321512
2385;2192;0.677687361665893
2386;2192.5;0.6774441058803592
2387;2193;0.6771985550484528
2388;2193.5;0.6769480825135756
2389;2194;0.6766941521192775
2390;2194.5;0.6764394651091077
2391;2195;0.6761852343266163
2392;2195.5;0.6759314941153531
2393;2196;0.6756782787188678
2394;2196.5;0.67542562248071
2395;2197;0.6751735596444298
2396;2197.5;0.6749181813580049
2397;2198;0.6746544837048166
2398;2198.5;0.6743820226254686
2399;2199;0.6740993093171165
2400;2199.5;0.6738055279769156
2401;2200;0.6735037359020218
2402;2200.5;0.6731970970895909
2403;2201;0.6728887761367778
2404;2201.5;0.672581937140739
2405;2202;0.672281318824693
2406;2202.5;0.6719929223853155
2407;2203;0.6717164599760801
2408;2203.5;0.671450057469883
2409;2204;0.6711838937396205
2410;2204.5;0.670913961558189
2411;2205;0.6706378109984852
2412;2205.5;0.670352992133405
2413;2206;0.6700570551358451
2414;2206.5;0.6697453199225946
2415;2207;0.6694019620688743
2416;2207.5;0.669029929142024
2417;2208;0.6686360371118114
2418;2208.5;0.6682271309480041
2419;2209;0.6678079774203696
2420;2209.5;0.6673826484986747
2421;2210;0.6669552162526873
2422;2210.5;0.6665297525521745
2423;2211;0.6661091961633837
2424;2211.5;0.6656652004961703
2425;2212;0.6651876005535093
2426;2212.5;0.6646813206739512
2427;2213;0.6641515656960462
2428;2213.5;0.6636062966583454
2429;2214;0.6630548880993988
2430;2214.5;0.6625067222577578
2431;2215;0.661971181271972
2432;2215.5;0.6614576473805925
2433;2216;0.6609503934225239
2434;2216.5;0.6604340707410945
2435;2217;0.6599191522640692
2436;2217.5;0.6594162539201991
2437;2218;0.6589343096382352
2438;2218.5;0.6584787062469285
2439;2219;0.6580545854750303
2440;2219.5;0.6576670895512913
2441;2220;0.6573213603044626
2442;2220.5;0.6570094916130447
2443;2221;0.6567050112190929
2444;2221.5;0.656404977839815
2445;2222;0.6561069903424197
2446;2222.5;0.6558061640941162
2447;2223;0.6555061244621129
2448;2223.5;0.6552129340136188
2449;2224;0.6549326553158424
2450;2224.5;0.6546713508359931
2451;2225;0.6544313785472596
2452;2225.5;0.6542040925758152
2453;2226;0.6539952215226444
2454;2226.5;0.6538121926494023
2455;2227;0.6536609518177424
2456;2227.5;0.65353974118932
2457;2228;0.6534445424257894
2458;2228.5;0.6533713370888051
2459;2229;0.6533161065400217
2460;2229.5;0.6532736586234476
2461;2230;0.6532299901228891
2462;2230.5;0.6531785452034293
2463;2231;0.65311498017033
2464;2231.5;0.6530423198288523
2465;2232;0.6529760420842579
2466;2232.5;0.6529199768418084
2467;2233;0.6528774927067651
2468;2233.5;0.65285195838439
2469;2234;0.6528482970620659
2470;2234.5;0.6528993174281312
2471;2235;0.6530098845188592
2472;2235.5;0.6531705082794561
2473;2236;0.653370561055129
2474;2236.5;0.653594853691085
2475;2237;0.6538327003325307
2476;2237.5;0.6540741265246733
2477;2238;0.6543091580127193
2478;2238.5;0.6545281215654724
2479;2239;0.6547558825179239
2480;2239.5;0.6550141371564816
2481;2240;0.6553041041914509
2482;2240.5;0.6556276167331371
2483;2241;0.6559925264918458
2484;2241.5;0.6563983263778826
2485;2242;0.6568417270015532
2486;2242.5;0.6573194384731629
2487;2243;0.6578281714030171
2488;2243.5;0.6583953163662108
2489;2244;0.6590434626604957
2490;2244.5;0.659755527797186
2491;2245;0.6605145016280074
2492;2245.5;0.6613123618046852
2493;2246;0.6621396692789446
2494;2246.5;0.6629819506025111
2495;2247;0.6638247320271102
2496;2247.5;0.6646535402044671
2497;2248;0.665473284456026
2498;2248.5;0.6663105780881635
2499;2249;0.6671635315144302
2500;2249.5;0.6680296478991453
2501;2250;0.6689031748066275

