Sample name;1563-DVS3336C3101
Subsample name;子样品1
Subsample status;Finished
Operating procedure;OP:PA6采谱
Determination start;2026-05-24 06:52:25Z

MEAS SPEC;记录光谱 1;Met：PA6采谱  1
MP list
#;Wavelength / nm;Absorbance / AU
1;1000;0.3247306089347205
2;1000.5;0.3247091622356511
3;1001;0.3246683047347128
4;1001.5;0.32461508393200245
5;1002;0.32455470621313426
6;1002.5;0.3244923777637226
7;1003;0.32443330496938155
8;1003.5;0.3243826942157254
9;1004;0.3243457516883684
10;1004.5;0.32432768367292475
11;1005;0.3243336966550087
12;1005.5;0.3243659020747225
13;1006;0.32441592976009226
14;1006.5;0.32447932411139047
15;1007;0.3245525293878385
16;1007.5;0.3246319901486579
17;1008;0.32471415085307004
18;1008.5;0.3247954557602964
19;1009;0.3248723495295583
20;1009.5;0.3249412766200773
21;1010;0.3249986830893722
22;1010.5;0.32505489417107203
23;1011;0.32512764473336164
24;1011.5;0.3252129682113772
25;1012;0.3253056652402548
26;1012.5;0.3254005364551307
27;1013;0.325492382391141
28;1013.5;0.325576003583422
29;1014;0.3256462006671097
30;1014.5;0.3256977742773405
31;1015;0.32572595474954225
32;1015.5;0.32574140555983844
33;1016;0.3257450644739882
34;1016.5;0.3257388377347032
35;1017;0.3257250748846951
36;1017.5;0.32570612536667565
37;1018;0.3256843387233563
38;1018.5;0.3256620643974489
39;1019;0.32564165193166505
40;1019.5;0.32562545076871646
41;1020;0.32561606240604124
42;1020.5;0.32561664115536215
43;1021;0.3256239896301046
44;1021.5;0.32563710492446696
45;1022;0.32565503903264775
46;1022.5;0.32567684384884543
47;1023;0.32570157146725864
48;1023.5;0.3257282739820856
49;1024;0.32575600318752496
50;1024.5;0.3257838112777752
51;1025;0.32580962460792406
52;1025.5;0.32583226689250083
53;1026;0.32585722530826866
54;1026.5;0.325883859539671
55;1027;0.3259115295711511
56;1027.5;0.3259395949871523
57;1028;0.3259674156721183
58;1028.5;0.3259943513104922
59;1029;0.32601976178671743
60;1029.5;0.32604300678523745
61;1030;0.32606687702831944
62;1030.5;0.3261019424746025
63;1031;0.32614622609717037
64;1031.5;0.32619760843362283
65;1032;0.32625397032155995
66;1032.5;0.3263131924985819
67;1033;0.32637315570228853
68;1033.5;0.3264317407702801
69;1034;0.32648682824015635
70;1034.5;0.3265362989495174
71;1035;0.3265844749844831
72;1035.5;0.3266408136354535
73;1036;0.32670079249325445
74;1036.5;0.32676177731986866
75;1037;0.3268211334772789
76;1037.5;0.3268762267274682
77;1038;0.32692442253241916
78;1038.5;0.32696308665411455
79;1039;0.3269895845545373
80;1039.5;0.3270012819956702
81;1040;0.326995407180493
82;1040.5;0.32697443370775775
83;1041;0.3269418347180876
84;1041.5;0.3269002202120771
85;1042;0.3268521999903205
86;1042.5;0.3268003840534125
87;1043;0.3267473820019475
88;1043.5;0.3266958039365201
89;1044;0.3266482596577246
90;1044.5;0.32660735906615557
91;1045;0.3265668959453758
92;1045.5;0.3265281734533592
93;1046;0.3264945680194503
94;1046.5;0.32646657776786664
95;1047;0.32644470062282577
96;1047.5;0.3264294346085452
97;1048;0.32642127764924256
98;1048.5;0.3264207277691353
99;1049;0.326428283092441
100;1049.5;0.326444410897999
101;1050;0.3264595707621377
102;1050.5;0.3264761575852738
103;1051;0.3264954422468616
104;1051.5;0.32651638252635534
105;1052;0.3265379364032091
106;1052.5;0.3265590616568773
107;1053;0.3265787163668142
108;1053.5;0.326595858212474
109;1054;0.3266094450733109
110;1054.5;0.3266183975306034
111;1055;0.3266201603195794
112;1055.5;0.32661666762330227
113;1056;0.32660937579215177
114;1056.5;0.3265993481765074
115;1057;0.326587648226749
116;1057.5;0.3265753392932563
117;1058;0.3265634847264088
118;1058.5;0.3265531478765863
119;1059;0.32654539229416846
120;1059.5;0.3265414056555723
121;1060;0.3265453442334997
122;1060.5;0.32655831799210916
123;1061;0.3265779077606759
124;1061.5;0.32660157586847494
125;1062;0.32662678454478133
126;1062.5;0.32665099621887006
127;1063;0.3266716732200162
128;1063.5;0.3266862777774948
129;1064;0.32669227222058095
130;1064.5;0.32668679412255397
131;1065;0.3266636214339905
132;1065.5;0.32662338530287627
133;1066;0.32656993882972496
134;1066.5;0.3265071692150503
135;1067;0.3264389634593659
136;1067.5;0.3263692088631854
137;1068;0.3263017924270225
138;1068.5;0.3262406015513908
139;1069;0.326189523136804
140;1069.5;0.326152441051274
141;1070;0.32612962174434396
142;1070.5;0.326114819064399
143;1071;0.326106035879246
144;1071.5;0.32610151305669205
145;1072;0.326099491564544
146;1072.5;0.3260982125706089
147;1073;0.32609591704269375
148;1073.5;0.3260908459486055
149;1074;0.32608124035615116
150;1074.5;0.32606646914177767
151;1075;0.32605196896926464
152;1075.5;0.3260362550747543
153;1076;0.3260197037403435
154;1076.5;0.32600279984812885
155;1077;0.32598602848020686
156;1077.5;0.3259698746186743
157;1078;0.3259548231456278
158;1078.5;0.3259413591431641
159;1079;0.3259299674933797
160;1079.5;0.32592096968825635
161;1080;0.32591263016245087
162;1080.5;0.3259025292378177
163;1081;0.3258909932118268
164;1081.5;0.32587840958194797
165;1082;0.32586516614565114
166;1082.5;0.3258516504004061
167;1083;0.3258382498436828
168;1083.5;0.32582535217295094
169;1084;0.3258133449856806
170;1084.5;0.3258014313636375
171;1085;0.3257855472270118
172;1085.5;0.3257673521198645
173;1086;0.3257479960735852
174;1086.5;0.3257286120195632
175;1087;0.32571033298918844
176;1087.5;0.3256942918138502
177;1088;0.3256816214249382
178;1088.5;0.32567345485384186
179;1089;0.3256709250319508
180;1089.5;0.32567516724760276
181;1090;0.32568554338478767
182;1090.5;0.32570012840165147
183;1091;0.3257180948342674
184;1091.5;0.32573862331870895
185;1092;0.32576089459104923
186;1092.5;0.3257840895873619
187;1093;0.32580738884372007
188;1093.5;0.32582997339619724
189;1094;0.3258510238808666
190;1094.5;0.3258716372791617
191;1095;0.325897267129333
192;1095.5;0.32592681289015724
193;1096;0.3259589237991989
194;1096.5;0.3259922513940219
195;1097;0.32602544711219056
196;1097.5;0.32605716279126906
197;1098;0.3260860496688216
198;1098.5;0.3261107595824123
199;1099;0.3261299438696055
200;1099.5;0.3261420966588405
201;1100;0.3261469698391272
202;1100.5;0.326146107244437
203;1101;0.3261404737567943
204;1101.5;0.3261310323582235
205;1102;0.3261187457307491
206;1102.5;0.3261045767563955
207;1103;0.3260894883171871
208;1103.5;0.3260744430951484
209;1104;0.32606040397230374
210;1104.5;0.3260464836639977
211;1105;0.3260288117923964
212;1105.5;0.32600852107503864
213;1106;0.32598655515433117
214;1106.5;0.32596385667268046
215;1107;0.3259413682724932
216;1107.5;0.3259200325961761
217;1108;0.32590079238613556
218;1108.5;0.3258845902847784
219;1109;0.32587236883451126
220;1109.5;0.3258644144590869
221;1110;0.32585979877872173
222;1110.5;0.3258586797179728
223;1111;0.32586070397324285
224;1111.5;0.32586551744093456
225;1112;0.32587276601745063
226;1112.5;0.32588209529919376
227;1113;0.3258931513825665
228;1113.5;0.3259055798639716
229;1114;0.3259190266398118
230;1114.5;0.3259349395756577
231;1115;0.3259558289857677
232;1115.5;0.3259796765353564
233;1116;0.3260060333177737
234;1116.5;0.32603445342636933
235;1117;0.3260644911544931
236;1117.5;0.3260957005954949
237;1118;0.3261276359427246
238;1118.5;0.32615985128953184
239;1119;0.32619190082926663
240;1119.5;0.32622542907680085
241;1120;0.32626379290597535
242;1120.5;0.3263049298171858
243;1121;0.3263484245914638
244;1121.5;0.32639386690984107
245;1122;0.3264408463533493
246;1122.5;0.3264889526030202
247;1123;0.3265377752398854
248;1123.5;0.32658690394497675
249;1124;0.3266359284993257
250;1124.5;0.32668628830168833
251;1125;0.3267394416283474
252;1125.5;0.32679220200295517
253;1126;0.32684494628525823
254;1126.5;0.32689806493500295
255;1127;0.32695194841193603
256;1127.5;0.3270069871758039
257;1128;0.3270635716863531
258;1128.5;0.32712209230333017
259;1129;0.3271829395864817
260;1129.5;0.32724789352074785
261;1130;0.3273186055352255
262;1130.5;0.327391526495164
263;1131;0.32746601855134655
264;1131.5;0.3275414653545563
265;1132;0.3276172503555766
266;1132.5;0.32769275690519056
267;1133;0.3277673686541817
268;1133.5;0.3278404691533329
269;1134;0.3279114417534278
270;1134.5;0.3279787270108467
271;1135;0.3280403692947548
272;1135.5;0.32809807843271505
273;1136;0.328153274746988
274;1136.5;0.3282073727598343
275;1137;0.32826178759351443
276;1137.5;0.32831793397028874
277;1138;0.328377226712418
278;1138.5;0.3284410806421626
279;1139;0.32851091068178306
280;1139.5;0.3285881088241057
281;1140;0.3286756406799987
282;1140.5;0.32877627007776133
283;1141;0.3288879204045688
284;1141.5;0.3290084448475964
285;1142;0.3291356969940188
286;1142.5;0.3292675303310113
287;1143;0.329401798245749
288;1143.5;0.3295363543254069
289;1144;0.32966905175716005
290;1144.5;0.3298013482772123
291;1145;0.3299432622477719
292;1145.5;0.330096069790169
293;1146;0.33025855429139306
294;1146.5;0.3304294470384336
295;1147;0.33060747921828004
296;1147.5;0.3307913822179219
297;1148;0.33097988712434867
298;1148.5;0.33117172542454976
299;1149;0.33136562820551474
300;1149.5;0.33156448670233857
301;1150;0.33177957393431645
302;1150.5;0.3320063703186454
303;1151;0.3322418951758258
304;1151.5;0.3324832677263581
305;1152;0.3327276073907431
306;1152.5;0.3329720334894811
307;1153;0.3332136653430728
308;1153.5;0.3334496221720186
309;1154;0.3336770233968192
310;1154.5;0.3338962020338845
311;1155;0.33411710337338085
312;1155.5;0.3343374279335135
313;1156;0.3345562861191338
314;1156.5;0.3347729330350928
315;1157;0.334986623786242
316;1157.5;0.3351966135774324
317;1158;0.3354021575135156
318;1158.5;0.33560251079934267
319;1159;0.33579692853976467
320;1159.5;0.3359848149252114
321;1160;0.3361678024445018
322;1160.5;0.3363490141743187
323;1161;0.3365295682425107
324;1161.5;0.33671045967692653
325;1162;0.3368926837054148
326;1162.5;0.3370772354558244
327;1163;0.3372651101560039
328;1163.5;0.337457302733802
329;1164;0.33765480851706736
330;1164.5;0.3378572320592599
331;1165;0.3380597878169038
332;1165.5;0.33826927198620665
333;1166;0.33848568778784144
334;1166.5;0.3387082705424814
335;1167;0.33893625607079997
336;1167.5;0.3391688797934703
337;1168;0.3394053771311657
338;1168.5;0.3396449838045593
339;1169;0.33988693523432456
340;1169.5;0.3401314038638698
341;1170;0.3403850162800891
342;1170.5;0.34065491295449335
343;1171;0.3409401337724141
344;1171.5;0.34123868161918336
345;1172;0.3415485592801329
346;1172.5;0.3418677695405943
347;1173;0.3421943152858996
348;1173.5;0.34252619920138044
349;1174;0.3428614241723686
350;1174.5;0.34319939813172073
351;1175;0.34355072096164274
352;1175.5;0.3439165058183173
353;1176;0.3442944288559413
354;1176.5;0.34468205332871193
355;1177;0.34507694229082625
356;1177.5;0.34547665909648134
357;1178;0.3458787666998742
358;1178.5;0.34628082845520197
359;1179;0.34668040751666174
360;1179.5;0.3470760342576013
361;1180;0.3474777870673755
362;1180.5;0.3478871268298274
363;1181;0.3483017788336674
364;1181.5;0.3487195308676059
365;1182;0.349138170620353
366;1182.5;0.34955548578061907
367;1183;0.34996926403711437
368;1183.5;0.3503772929785492
369;1184;0.35077736039363366
370;1184.5;0.35116761625736964
371;1185;0.3515534284338584
372;1185.5;0.35193884890497606
373;1186;0.3523231767386844
374;1186.5;0.3527049408029453
375;1187;0.3530826700657205
376;1187.5;0.35345489359497184
377;1188;0.3538201403586613
378;1188.5;0.35417693922475035
379;1189;0.35452381936120103
380;1189.5;0.35485937929380534
381;1190;0.35518506294681906
382;1190.5;0.35550466326522134
383;1191;0.3558191195040918
384;1191.5;0.3561282910185103
385;1192;0.35643203706355636
386;1192.5;0.35673021689430984
387;1193;0.3570226899658503
388;1193.5;0.35730931563325774
389;1194;0.35758995295161167
390;1194.5;0.35786452501480925
391;1195;0.3581379236962484
392;1195.5;0.3584057786764453
393;1196;0.3586633685710368
394;1196.5;0.35890890349565996
395;1197;0.35914059356595196
396;1197.5;0.3593566485975495
397;1198;0.35955527880608995
398;1198.5;0.35973469420721016
399;1199;0.35989310491654714
400;1199.5;0.36002872875355807
401;1200;0.3601504274565766
402;1200.5;0.360259808816613
403;1201;0.36035193807211596
404;1201.5;0.36042693016153365
405;1202;0.3604849002233147
406;1202.5;0.36052596329590736
407;1203;0.3605502343177603
408;1203.5;0.36055782852732177
409;1204;0.36054886086304033
410;1204.5;0.3605234464633643
411;1205;0.36047538374389776
412;1205.5;0.3603948649041633
413;1206;0.3602815888572332
414;1206.5;0.3601401562319312
415;1207;0.3599751674570807
416;1207.5;0.35979122316150497
417;1208;0.35959292367402773
418;1208.5;0.3593848697234722
419;1209;0.3591716616386621
420;1209.5;0.3589579000484207
421;1210;0.3587284203308533
422;1210.5;0.35845156737606143
423;1211;0.3581299235631067
424;1211.5;0.35777100117885263
425;1212;0.35738234451016276
426;1212.5;0.3569714980439004
427;1213;0.35654600616692916
428;1213.5;0.3561134132661125
429;1214;0.35568126382831405
430;1214.5;0.355257102340397
431;1215;0.35483665833304107
432;1215.5;0.3543968605913484
433;1216;0.35394032546992005
434;1216.5;0.3534712656231037
435;1217;0.3529939144052475
436;1217.5;0.3525125050706989
437;1218;0.35203127117380584
438;1218.5;0.351554446068916
439;1219;0.3510862631103772
440;1219.5;0.3506309556525372
441;1220;0.3501856458584166
442;1220.5;0.34973056166533817
443;1221;0.3492719106946361
444;1221.5;0.34881412804083534
445;1222;0.3483613593984607
446;1222.5;0.3479177502620372
447;1223;0.34748744642608964
448;1223.5;0.347074593285143
449;1224;0.3466833365337222
450;1224.5;0.346317821666352
451;1225;0.3459780992931004
452;1225.5;0.3456458495673111
453;1226;0.3453206137755392
454;1226.5;0.3450043867327064
455;1227;0.3446990587537345
456;1227.5;0.3444065199535452
457;1228;0.34412866044706014
458;1228.5;0.34386737064920125
459;1229;0.34362454057489006
460;1229.5;0.34340206043904853
461;1230;0.3432008496015731
462;1230.5;0.34301284099628165
463;1231;0.34283196909272146
464;1231.5;0.34265611602492235
465;1232;0.34248363752691413
466;1232.5;0.34231288903272655
467;1233;0.34214222617638923
468;1233.5;0.341970004391932
469;1234;0.3417945793133847
470;1234.5;0.341614306474777
471;1235;0.34142809956376574
472;1235.5;0.34124303755881724
473;1236;0.34105748444822936
474;1236.5;0.3408702841003552
475;1237;0.3406816092835476
476;1237.5;0.3404916332661599
477;1238;0.34030052901654495
478;1238.5;0.34010846950305584
479;1239;0.33991562769404554
480;1239.5;0.3397221767578672
481;1240;0.3395281582876336
482;1240.5;0.339329444893991
483;1241;0.33912594275098396
484;1241.5;0.338919463248373
485;1242;0.3387117553759188
486;1242.5;0.33850456832338194
487;1243;0.33829965118052296
488;1243.5;0.3380987530371024
489;1244;0.33790362298288096
490;1244.5;0.3377160101076191
491;1245;0.3375376287781268
492;1245.5;0.33735860005063356
493;1246;0.33717557215112326
494;1246.5;0.33699375971799317
495;1247;0.33681585428964006
496;1247.5;0.3366445471044609
497;1248;0.3364825297008528
498;1248.5;0.3363324934172126
499;1249;0.33619712989193734
500;1249.5;0.3360791303634241
501;1250;0.3359811863700696
502;1250.5;0.3358941392709425
503;1251;0.3358040187798038
504;1251.5;0.33571274255589334
505;1252;0.33562309286366165
506;1252.5;0.3355378525675601
507;1253;0.3354598043320391
508;1253.5;0.33539173102154973
509;1254;0.3353364154005428
510;1254.5;0.33529664033346906
511;1255;0.33527518848477966
512;1255.5;0.3352705330025137
513;1256;0.3352730254368471
514;1256.5;0.3352791046216097
515;1257;0.335288491331144
516;1257.5;0.335300971739793
517;1258;0.3353163324218993
518;1258.5;0.3353343597518056
519;1259;0.33535484020385475
520;1259.5;0.33537756015238956
521;1260;0.3354023059717527
522;1260.5;0.33543195622681143
523;1261;0.3354741820780654
524;1261.5;0.3355231679814354
525;1262;0.33557637959136527
526;1262.5;0.33563157086229867
527;1263;0.33568649514867954
528;1263.5;0.3357389063049515
529;1264;0.33578655788555845
530;1264.5;0.335827203544944
531;1265;0.3358585968375521
532;1265.5;0.3358801814634137
533;1266;0.3358992944950522
534;1266.5;0.33591303767635783
535;1267;0.3359209159259877
536;1267.5;0.33592303256259887
537;1268;0.3359194910048483
538;1268.5;0.33591039447139304
539;1269;0.3358958463808902
540;1269.5;0.3358759501519968
541;1270;0.33585080900336967
542;1270.5;0.3358202120178384
543;1271;0.33578166945362165
544;1271.5;0.3357355057718766
545;1272;0.33568283393046927
546;1272.5;0.3356248852872653
547;1273;0.33556289120013066
548;1273.5;0.3354980829269309
549;1274;0.3354316919255319
550;1274.5;0.3353649495537995
551;1275;0.33529908696959937
552;1275.5;0.3352348832729253
553;1276;0.33516188852870454
554;1276.5;0.33508241385991716
555;1277;0.3350004544147566
556;1277.5;0.3349176713414167
557;1278;0.33483572578809107
558;1278.5;0.33475627910297334
559;1279;0.33468099243425725
560;1279.5;0.33461152693013646
561;1280;0.33454954373880463
562;1280.5;0.3344966528315182
563;1281;0.3344428581623652
564;1281.5;0.33438357207681896
565;1282;0.3343228260578936
566;1282.5;0.334262790188603
567;1283;0.33420563445196133
568;1283.5;0.3341535288309822
569;1284;0.33410864340868
570;1284.5;0.33407314806806854
571;1285;0.3340492128921618
572;1285.5;0.3340390079639738
573;1286;0.33403973128632297
574;1286.5;0.33404355575793315
575;1287;0.3340486988898596
576;1287.5;0.33405521781896197
577;1288;0.3340631731821
578;1288.5;0.3340726251161331
579;1289;0.33408363425792115
580;1289.5;0.33409626104432355
581;1290;0.3341105658122001
582;1290.5;0.33412660899841035
583;1291;0.3341482468036466
584;1291.5;0.33418151854784883
585;1292;0.3342202566639865
586;1292.5;0.33426207846049977
587;1293;0.3343047432458288
588;1293.5;0.33434601022841387
589;1294;0.33438363891669487
590;1294.5;0.33441538841911234
591;1295;0.3344390180441061
592;1295.5;0.33445228720011655
593;1296;0.33445424671543494
594;1296.5;0.33444951638940207
595;1297;0.33443883445994893
596;1297.5;0.33442321863038604
597;1298;0.3344037938040235
598;1298.5;0.33438168498417176
599;1299;0.33435801727414094
600;1299.5;0.3343339154772415
601;1300;0.3343105047967837
602;1300.5;0.3342889101360778
603;1301;0.33426948263616496
604;1301.5;0.3342475935914274
605;1302;0.3342264911582708
606;1302.5;0.33420685841467257
607;1303;0.3341885558386101
608;1303.5;0.3341714438080611
609;1304;0.3341553830010028
610;1304.5;0.3341402338954128
611;1305;0.3341258568692686
612;1305.5;0.33411211250054784
613;1306;0.33409885614571777
614;1306.5;0.33408544762634634
615;1307;0.33407112292276464
616;1307.5;0.3340562297401771
617;1308;0.33404121288378863
618;1308.5;0.33402651685880386
619;1309;0.3340125864704274
620;1309.5;0.33399986632386414
621;1310;0.33398880112431856
622;1310.5;0.3339798356769955
623;1311;0.3339734535978326
624;1311.5;0.33397543123809853
625;1312;0.33398725208597296
626;1312.5;0.3340066221937598
627;1313;0.3340324455137632
628;1313.5;0.334063626198287
629;1314;0.33409906799963524
630;1314.5;0.33413767507011183
631;1315;0.3341783513620209
632;1315.5;0.3342200008276663
633;1316;0.3342615275193521
634;1316.5;0.3343070671097937
635;1317;0.33435843642951607
636;1317.5;0.3344105621121785
637;1318;0.3344630106390232
638;1318.5;0.3345153537912921
639;1319;0.33456716335022757
640;1319.5;0.33461801119707146
641;1320;0.3346674693130661
642;1320.5;0.3347151093794536
643;1321;0.3347605033774759
644;1321.5;0.3348065725376971
645;1322;0.33485905481000755
646;1322.5;0.33491231971874047
647;1323;0.33496560325876734
648;1323.5;0.3350183345249594
649;1324;0.3350699422121881
650;1324.5;0.3351198555153248
651;1325;0.3351675031292408
652;1325.5;0.3352123139488077
653;1326;0.3352537170688966
654;1326.5;0.3352928208426692
655;1327;0.33533579605418173
656;1327.5;0.33537849987459456
657;1328;0.33541959564783264
658;1328.5;0.335458185117821
659;1329;0.3354933701284845
660;1329.5;0.3355242525237482
661;1330;0.33554993384753684
662;1330.5;0.33556951604377555
663;1331;0.33558210085638923
664;1331.5;0.33558763323850493
665;1332;0.33559403088990364
666;1332.5;0.33560143856298874
667;1333;0.33560915761497573
668;1333.5;0.3356169499030797
669;1334;0.33562457758451625
670;1334.5;0.3356318026165006
671;1335;0.3356383870562481
672;1335.5;0.335644092760974
673;1336;0.3356486817878937
674;1336.5;0.33565187111071243
675;1337;0.3356522201070864
676;1337.5;0.33565125209789864
677;1338;0.33565018952800296
678;1338.5;0.33564958014225327
679;1339;0.33564997208550357
680;1339.5;0.3356519132026078
681;1340;0.3356559515384198
682;1340.5;0.3356626350377936
683;1341;0.33567251164558326
684;1341.5;0.33568612938806597
685;1342;0.3357051915510604
686;1342.5;0.33573231949290816
687;1343;0.3357678237166592
688;1343.5;0.33581018922536365
689;1344;0.3358579007220716
690;1344.5;0.3359094431098331
691;1345;0.33596330099169813
692;1345.5;0.33601795927071687
693;1346;0.3360719028499392
694;1346.5;0.3361236163324154
695;1347;0.3361791445233533
696;1347.5;0.3362516460616917
697;1348;0.3363399547129221
698;1348.5;0.33644125235900935
699;1349;0.3365527051819184
700;1349.5;0.33667147916361406
701;1350;0.3367947403860614
702;1350.5;0.3369196550312251
703;1351;0.3370433889810704
704;1351.5;0.33716310861756194
705;1352;0.3372806399142627
706;1352.5;0.3374107857438363
707;1353;0.33755328443576604
708;1353.5;0.33770711543747434
709;1354;0.33787129769638363
710;1354.5;0.33804484985991645
711;1355;0.33822679077549545
712;1355.5;0.338416139290543
713;1356;0.33861191425248166
714;1356.5;0.33881313440873406
715;1357;0.33902053590887454
716;1357.5;0.33924615156554544
717;1358;0.3394883436162623
718;1358.5;0.33974456679204534
719;1359;0.34001272882391465
720;1359.5;0.3402907372428904
721;1360;0.34057649977999277
722;1360.5;0.3408679241662419
723;1361;0.34116291803265797
724;1361.5;0.34145938911026114
725;1362;0.34175554385874307
726;1362.5;0.3420569954335016
727;1363;0.3423658545034197
728;1363.5;0.342681312094943
729;1364;0.3430026707345176
730;1364.5;0.343329232648589
731;1365;0.34366030036360334
732;1365.5;0.3439951760060064
733;1366;0.34433316210224374
734;1366.5;0.34467356097876145
735;1367;0.34501567607547434
736;1367.5;0.3453597752156343
737;1368;0.3457073555189987
738;1368.5;0.34605905691545724
739;1369;0.34641501223489934
740;1369.5;0.3467753544072143
741;1370;0.34714021616229174
742;1370.5;0.347509730530021
743;1371;0.3478840303402917
744;1371.5;0.3482632483229932
745;1372;0.3486475175080149
746;1372.5;0.34903890643043833
747;1373;0.34943958541519254
748;1373.5;0.34984751443897566
749;1374;0.3502609256901281
750;1374.5;0.3506780532569908
751;1375;0.3510971307279046
752;1375.5;0.3515163918912102
753;1376;0.3519340708352486
754;1376.5;0.3523484011483603
755;1377;0.3527576167188863
756;1377.5;0.35316260694504076
757;1378;0.35357120073586346
758;1378.5;0.3539822654567
759;1379;0.3543936161233025
760;1379.5;0.3548030653514239
761;1380;0.35520842585681633
762;1380.5;0.3556075101552324
763;1381;0.35599813106242467
764;1381.5;0.3563781011941455
765;1382;0.3567452331661474
766;1382.5;0.35709867694203357
767;1383;0.35744615083836917
768;1383.5;0.3577848286122017
769;1384;0.3581128537194992
770;1384.5;0.35842887141623014
771;1385;0.3587315269583624
772;1385.5;0.35901946550186425
773;1386;0.35929133210270375
774;1386.5;0.3595457721168491
775;1387;0.3597814306002685
776;1387.5;0.3599970913639581
777;1388;0.3601959804621286
778;1388.5;0.36037960153807014
779;1389;0.3605498716876682
780;1389.5;0.3607095600068083
781;1390;0.36086143589137604
782;1390.5;0.36100826853725687
783;1391;0.36115282724033615
784;1391.5;0.36129788109649974
785;1392;0.36144619940163303
786;1392.5;0.3616005486516648
787;1393;0.3617577070061525
788;1393.5;0.36191072092813864
789;1394;0.3620592174319479
790;1394.5;0.36220487303190546
791;1395;0.36234936404233603
792;1395.5;0.36249436697756465
793;1396;0.36264155825191624
794;1396.5;0.3627926143797158
795;1397;0.3629492118752881
796;1397.5;0.3631130269529582
797;1398;0.36328747900241676
798;1398.5;0.36347316666753793
799;1399;0.36366487666276076
800;1399.5;0.3638613424536792
801;1400;0.3640613207058869
802;1400.5;0.3642635680849778
803;1401;0.3644668412565454
804;1401.5;0.3646698968861838
805;1402;0.3648714916394866
806;1402.5;0.3650703821820477
807;1403;0.3652689016541754
808;1403.5;0.36547687404262696
809;1404;0.36568608229364036
810;1404.5;0.3658939333146894
811;1405;0.36609825891324765
812;1405.5;0.36629689109678887
813;1406;0.3664876616727866
814;1406.5;0.3666684025487147
815;1407;0.3668369457320467
816;1407.5;0.3669911230302564
817;1408;0.36713072830420906
818;1408.5;0.3672715691444403
819;1409;0.36740884956540965
820;1409.5;0.3675403535958378
821;1410;0.3676653194644457
822;1410.5;0.367782985199954
823;1411;0.3678925890310835
824;1411.5;0.367993369086555
825;1412;0.3680845633950894
826;1412.5;0.3681654101854071
827;1413;0.3682353295726267
828;1413.5;0.36830075875971924
829;1414;0.3683648067316162
830;1414.5;0.3684273812707128
831;1415;0.3684885338594034
832;1415.5;0.3685483161800828
833;1416;0.36860677971514577
834;1416.5;0.3686639759469869
835;1417;0.368719956658001
836;1417.5;0.3687747732305827
837;1418;0.36882847724712675
838;1418.5;0.36888194536313446
839;1419;0.3689373101709421
840;1419.5;0.3689950517030609
841;1420;0.369054689704931
842;1420.5;0.3691157436219924
843;1421;0.36917773299968537
844;1421.5;0.36924017728345004
845;1422;0.3693025961187265
846;1422.5;0.369364509050955
847;1423;0.36942543562557556
848;1423.5;0.3694859657253753
849;1424;0.36954827678177465
850;1424.5;0.36961218149028846
851;1425;0.3696765230111531
852;1425.5;0.36974013490460567
853;1426;0.36980185023088263
854;1426.5;0.3698605023502208
855;1427;0.3699149246228569
856;1427.5;0.36996395040902774
857;1428;0.37000641286896985
858;1428.5;0.3700404896646153
859;1429;0.3700642363415758
860;1429.5;0.3700823901955899
861;1430;0.37009565882595197
862;1430.5;0.37010442993195614
863;1431;0.37010909151289656
864;1431.5;0.37011003136806764
865;1432;0.37010763739676344
866;1432.5;0.3701022974982783
867;1433;0.37009439947190637
868;1433.5;0.37008397270171495
869;1434;0.3700665501324266
870;1434.5;0.37004398441619146
871;1435;0.37001753643843943
872;1435.5;0.3699878085846002
873;1436;0.3699554029401038
874;1436.5;0.36992092159038015
875;1437;0.3698849669208591
876;1437.5;0.3698481410169706
877;1438;0.3698110460641445
878;1438.5;0.36977426340237524
879;1439;0.369736440376493
880;1439.5;0.3696962086826681
881;1440;0.36965387393347826
882;1440.5;0.3696101274415014
883;1441;0.3695656608193153
884;1441.5;0.3695211654794977
885;1442;0.36947733293462653
886;1442.5;0.36943485459727954
887;1443;0.3693944218800346
888;1443.5;0.36935672629546934
889;1444;0.3693189229852553
890;1444.5;0.36927736362650937
891;1445;0.3692340578948515
892;1445.5;0.36919075128620715
893;1446;0.3691491894965018
894;1446.5;0.36911111842166083
895;1447;0.36907828345760973
896;1447.5;0.36905243060027404
897;1448;0.36903530534557905
898;1448.5;0.36902865338945035
899;1449;0.36903157916490986
900;1449.5;0.3690366375465637
901;1450;0.36904320510722377
902;1450.5;0.36905125446903425
903;1451;0.3690607584541394
904;1451.5;0.3690716900846832
905;1452;0.36908402198280993
906;1452.5;0.36909772717066375
907;1453;0.36911277847038865
908;1453.5;0.3691291487041289
909;1454;0.3691468709329234
910;1454.5;0.36916681519321476
911;1455;0.3691904364866921
912;1455.5;0.36921699692985016
913;1456;0.36924556303918354
914;1456.5;0.36927520113118695
915;1457;0.3693049778223549
916;1457.5;0.3693339594291821
917;1458;0.36936121256816296
918;1458.5;0.3693858034557923
919;1459;0.3694071430739604
920;1459.5;0.36943204263680496
921;1460;0.3694612571900071
922;1460.5;0.36949413857059604
923;1461;0.3695304457156011
924;1461.5;0.3695699378620518
925;1462;0.36961237374697714
926;1462.5;0.36965751250740675
927;1463;0.36970511308036985
928;1463.5;0.3697549346028959
929;1464;0.3698067376674365
930;1464.5;0.3698654635324505
931;1465;0.3699324104649741
932;1465.5;0.37000561306520696
933;1466;0.3700849249333486
934;1466.5;0.37017019986959876
935;1467;0.3702612914741569
936;1467.5;0.3703580533472227
937;1468;0.37046033918899574
938;1468.5;0.3705680024996757
939;1469;0.37068089717946207
940;1469.5;0.3708026635751137
941;1470;0.37094019053901034
942;1470.5;0.37109178763289546
943;1471;0.3712551346986344
944;1471.5;0.37142791157809246
945;1472;0.3716077982131353
946;1472.5;0.37179247444562796
947;1473;0.371979620017436
948;1473.5;0.3721669147704251
949;1474;0.37235203864646016
950;1474.5;0.3725354728421777
951;1475;0.3727260134371035
952;1475.5;0.37292071894897594
953;1476;0.37311777638863863
954;1476.5;0.3733154633669351
955;1477;0.3735120575947088
956;1477.5;0.37370583658280343
957;1478;0.37389507814206235
958;1478.5;0.3740780597833292
959;1479;0.3742530592174476
960;1479.5;0.37441910536345535
961;1480;0.374582886933205
962;1480.5;0.37474341699236513
963;1481;0.37490000849884486
964;1481.5;0.3750523972105536
965;1482;0.37520031878540044
966;1482.5;0.37534350898129476
967;1483;0.3754817032561458
968;1483.5;0.3756146373678629
969;1484;0.37574204697435515
970;1484.5;0.3758636066507877
971;1485;0.3759759564039914
972;1485.5;0.37607953787618376
973;1486;0.3761767078375091
974;1486.5;0.37626959955811234
975;1487;0.3763603462081379
976;1487.5;0.3764510808577305
977;1488;0.37654393697703475
978;1488.5;0.3766410475361952
979;1489;0.37674454590535644
980;1489.5;0.37685656525466327
981;1490;0.37697686501733885
982;1490.5;0.37709918073312715
983;1491;0.3772215983431634
984;1491.5;0.3773447399774717
985;1492;0.37746922776607683
986;1492.5;0.3775956837390031
987;1493;0.37772473022627506
988;1493.5;0.37785698915791727
989;1494;0.3779930827639541
990;1494.5;0.3781336331744102
991;1495;0.37828127879850965
992;1495.5;0.3784397354760054
993;1496;0.3786061376461991
994;1496.5;0.3787804060140309
995;1497;0.37896247848444115
996;1497.5;0.37915229286237
997;1498;0.3793497867527577
998;1498.5;0.3795548979605444
999;1499;0.3797675642906705
1000;1499.5;0.379987723448076
1001;1500;0.3802171611507252
1002;1500.5;0.38046579274692977
1003;1501;0.3807307800503993
1004;1501.5;0.3810083967220283
1005;1502;0.3812950106227113
1006;1502.5;0.38158698941334296
1007;1503;0.38188070095481774
1008;1503.5;0.38217251290803017
1009;1504;0.3824587931338749
1010;1504.5;0.3827359092932464
1011;1505;0.3830010068562838
1012;1505.5;0.3832652821014591
1013;1506;0.38353050945491385
1014;1506.5;0.38379449674630467
1015;1507;0.38405531070528803
1016;1507.5;0.38431101786152055
1017;1508;0.3845596850446586
1018;1508.5;0.384799378884359
1019;1509;0.385028166010278
1020;1509.5;0.3852441131520722
1021;1510;0.3854453042618801
1022;1510.5;0.385637285462697
1023;1511;0.3858280949363896
1024;1511.5;0.3860181140772756
1025;1512;0.38620676157967293
1026;1512.5;0.38639345643789935
1027;1513;0.38657761734627283
1028;1513.5;0.38675866319911095
1029;1514;0.38693601289073165
1030;1514.5;0.38710908511545283
1031;1515;0.3872772988675922
1032;1515.5;0.38743778890914665
1033;1516;0.38758919796796676
1034;1516.5;0.3877350015637141
1035;1517;0.3878771460881209
1036;1517.5;0.3880175776329187
1037;1518;0.3881582426898395
1038;1518.5;0.38830108735061514
1039;1519;0.3884480580069774
1040;1519.5;0.3886011008506579
1041;1520;0.3887621622733889
1042;1520.5;0.38893216535924885
1043;1521;0.38910843848785903
1044;1521.5;0.38929067497850095
1045;1522;0.38947827268876845
1046;1522.5;0.38967062107625533
1047;1523;0.3898671095985554
1048;1523.5;0.3900671276132626
1049;1524;0.3902700646779708
1050;1524.5;0.3904753100502738
1051;1525;0.3906822532877655
1052;1525.5;0.39089158887826947
1053;1526;0.39111347740990665
1054;1526.5;0.3913474532994181
1055;1527;0.3915895865835771
1056;1527.5;0.39183590309915683
1057;1528;0.39208242838293017
1058;1528.5;0.3923251884716704
1059;1529;0.3925602089021507
1060;1529.5;0.3927835155111441
1061;1530;0.39299113403542385
1062;1530.5;0.3931793134593706
1063;1531;0.3933529906833071
1064;1531.5;0.39351596515381393
1065;1532;0.3936674527016113
1066;1532.5;0.3938064633574198
1067;1533;0.39393200705195996
1068;1533.5;0.3940430940159521
1069;1534;0.39413873408011674
1070;1534.5;0.3942179372751743
1071;1535;0.39427971353184516
1072;1535.5;0.39432307308084985
1073;1536;0.3943303408092526
1074;1536.5;0.39428681118266223
1075;1537;0.39419729521723035
1076;1537.5;0.39406614055228745
1077;1538;0.3938976944271638
1078;1538.5;0.39369630418118984
1079;1539;0.3934663173536958
1080;1539.5;0.3932120811840122
1081;1540;0.3929379430114691
1082;1540.5;0.3926482503753972
1083;1541;0.39232725832341764
1084;1541.5;0.39193578349051117
1085;1542;0.39148291563917464
1086;1542.5;0.3909803801180493
1087;1543;0.39043990167577636
1088;1543.5;0.38987320536099684
1089;1544;0.389292016322352
1090;1544.5;0.38870805940848296
1091;1545;0.3881330596680308
1092;1545.5;0.38757874214963695
1093;1546;0.387045584968151
1094;1546.5;0.3864860463073825
1095;1547;0.3858963625869379
1096;1547.5;0.3852876030119877
1097;1548;0.3846710031877027
1098;1548.5;0.38405779831925335
1099;1549;0.3834592239118101
1100;1549.5;0.38288651537054375
1101;1550;0.3823509081006248
1102;1550.5;0.3818636375072237
1103;1551;0.381432333389221
1104;1551.5;0.38102127654744056
1105;1552;0.3806181739793912
1106;1552.5;0.38022892202713787
1107;1553;0.37986001353274573
1108;1553.5;0.37951794143827994
1109;1554;0.3792091985858053
1110;1554.5;0.37894027791738705
1111;1555;0.3787176723750902
1112;1555.5;0.3785478748009799
1113;1556;0.378437105369681
1114;1556.5;0.378371270484141
1115;1557;0.37833365044371325
1116;1557.5;0.3783218031434269
1117;1558;0.37833444997831134
1118;1558.5;0.3783703123433958
1119;1559;0.3784281118337095
1120;1559.5;0.37850656974428176
1121;1560;0.37860440767014186
1122;1560.5;0.3787203469063189
1123;1561;0.37885310894784247
1124;1561.5;0.3790128625609264
1125;1562;0.3792065537523008
1126;1562.5;0.3794263376979402
1127;1563;0.37966615862378295
1128;1563.5;0.37991996055576716
1129;1564;0.3801816876198313
1130;1564.5;0.3804452840419136
1131;1565;0.3807046937479521
1132;1565.5;0.3809538609638855
1133;1566;0.3811867297156518
1134;1566.5;0.38140765606383675
1135;1567;0.3816360849198563
1136;1567.5;0.38186660979857123
1137;1568;0.38209537994926784
1138;1568.5;0.38231854422123246
1139;1569;0.3825322519637511
1140;1569.5;0.3827326521261102
1141;1570;0.38291589385759567
1142;1570.5;0.38307812630749394
1143;1571;0.38321549852509135
1144;1571.5;0.38332680824934207
1145;1572;0.38342168053486453
1146;1572.5;0.3834966171006434
1147;1573;0.38355049261878305
1148;1573.5;0.3835822959613877
1149;1574;0.3835910156005615
1150;1574.5;0.38357564020840884
1151;1575;0.3835351584570339
1152;1575.5;0.38346855891854104
1153;1576;0.38337483036503445
1154;1576.5;0.3832525601843461
1155;1577;0.3830970836227208
1156;1577.5;0.38291168603848325
1157;1578;0.3827017987212499
1158;1578.5;0.3824728516606372
1159;1579;0.3822302753462615
1160;1579.5;0.3819794998677393
1161;1580;0.3817259554146867
1162;1580.5;0.3814750722767203
1163;1581;0.38123228054345637
1164;1581.5;0.3810026962640212
1165;1582;0.38076495839062763
1166;1582.5;0.3805130325806995
1167;1583;0.38025427165153103
1168;1583.5;0.3799948111204163
1169;1584;0.37974078640464926
1170;1584.5;0.3794983330215242
1171;1585;0.3792735865883351
1172;1585.5;0.37907268262237614
1173;1586;0.3789017565409415
1174;1586.5;0.3787669438613251
1175;1587;0.37865403243409756
1176;1587.5;0.37854307256800646
1177;1588;0.3784387923361911
1178;1588.5;0.37834441132424024
1179;1589;0.3782631494177427
1180;1589.5;0.3781982260022871
1181;1590;0.3781528608634625
1182;1590.5;0.3781302736868576
1183;1591;0.3781336839580611
1184;1591.5;0.378166311462662
1185;1592;0.378224487936694
1186;1592.5;0.3782904828350172
1187;1593;0.3783618680344974
1188;1593.5;0.37843726780562936
1189;1594;0.37851530631890806
1190;1594.5;0.3785946078448282
1191;1595;0.3786737963538847
1192;1595.5;0.3787514962165722
1193;1596;0.37882633150338585
1194;1596.5;0.37889692658482016
1195;1597;0.378963147858091
1196;1597.5;0.3790302316018077
1197;1598;0.3790977175459617
1198;1598.5;0.37916465631877716
1199;1599;0.37923010734847756
1200;1599.5;0.379293130263287
1201;1600;0.37935278439142905
1202;1600.5;0.37940812926112777
1203;1601;0.3794582244006068
1204;1601.5;0.3795021292380902
1205;1602;0.3795375729584799
1206;1602.5;0.3795478336434178
1207;1603;0.3795311370879361
1208;1603.5;0.3794912759764081
1209;1604;0.3794320384932067
1210;1604.5;0.3793572131227054
1211;1605;0.37927058804927727
1212;1605.5;0.37917595175729557
1213;1606;0.3790770923311334
1214;1606.5;0.3789777982551641
1215;1607;0.37888157881835227
1216;1607.5;0.378775293523157
1217;1608;0.3786526655291967
1218;1608.5;0.37851560648286575
1219;1609;0.37836574923055905
1220;1609.5;0.37820472671867095
1221;1610;0.378034171993596
1222;1610.5;0.3778557180017289
1223;1611;0.3776709975894642
1224;1611.5;0.3774816438031964
1225;1612;0.3772892895893202
1226;1612.5;0.377089487263893
1227;1613;0.37687584995005796
1228;1613.5;0.37664941653060424
1229;1614;0.3764113676757561
1230;1614.5;0.3761628840557376
1231;1615;0.37590514634077304
1232;1615.5;0.37563933550108664
1233;1616;0.3753666320069026
1234;1616.5;0.37508821662844516
1235;1617;0.37480527013593845
1236;1617.5;0.3745156039739266
1237;1618;0.3742123500883425
1238;1618.5;0.37389686324528404
1239;1619;0.3735715345165846
1240;1619.5;0.37323875497407816
1241;1620;0.37290091568959827
1242;1620.5;0.3725604078349786
1243;1621;0.3722196225820529
1244;1621.5;0.37188095090265477
1245;1622;0.37154678386861806
1246;1622.5;0.3712157010213851
1247;1623;0.37087521870913076
1248;1623.5;0.3705282399149579
1249;1624;0.37017832482183055
1250;1624.5;0.36982902961271263
1251;1625;0.36948391027056837
1252;1625.5;0.3691465229783616
1253;1626;0.36882042401905674
1254;1626.5;0.36850916947561746
1255;1627;0.36821631553100814
1256;1627.5;0.3679432990775723
1257;1628;0.367673187906166
1258;1628.5;0.36740196527710134
1259;1629;0.3671331027408512
1260;1629.5;0.3668701889478886
1261;1630;0.3666168125486864
1262;1630.5;0.36637656219371745
1263;1631;0.3661530266334546
1264;1631.5;0.36594979461837096
1265;1632;0.3657704546989393
1266;1632.5;0.3656177700307818
1267;1633;0.3654723385964247
1268;1633.5;0.36532136977322643
1269;1634;0.3651674938899922
1270;1634.5;0.36501411347552726
1271;1635;0.3648646310586368
1272;1635.5;0.3647224493681261
1273;1636;0.36459097083280034
1274;1636.5;0.36447359808146473
1275;1637;0.36437373374292453
1276;1637.5;0.36429476037253805
1277;1638;0.3642313469278496
1278;1638.5;0.3641728613690118
1279;1639;0.3641183765302659
1280;1639.5;0.3640681660458532
1281;1640;0.36402250325001495
1282;1640.5;0.36398166157699235
1283;1641;0.36394591426102685
1284;1641.5;0.36391553493635953
1285;1642;0.36389079693723175
1286;1642.5;0.3638719734978848
1287;1643;0.36386274656618145
1288;1643.5;0.3638656546655379
1289;1644;0.36387853213305127
1290;1644.5;0.36390011413105183
1291;1645;0.3639291359218696
1292;1645.5;0.3639643327678349
1293;1646;0.36400443963127793
1294;1646.5;0.3640481918745289
1295;1647;0.364094324659918
1296;1647.5;0.3641415730497754
1297;1648;0.3641913775599064
1298;1648.5;0.36424673714585654
1299;1649;0.36430534539682047
1300;1649.5;0.3643672269308101
1301;1650;0.36443240646583724
1302;1650.5;0.3645009088199141
1303;1651;0.36457275861105237
1304;1651.5;0.3646479806572641
1305;1652;0.36472659967656124
1306;1652.5;0.3648086402869558
1307;1653;0.3648950899883283
1308;1653.5;0.3649877586897946
1309;1654;0.36508311863581466
1310;1654.5;0.36518140641662944
1311;1655;0.36528288472248
1312;1655.5;0.3653878158436074
1313;1656;0.36549646227025273
1314;1656.5;0.3656090863926568
1315;1657;0.36572595080106096
1316;1657.5;0.36584731778570595
1317;1658;0.36597347408597347
1318;1658.5;0.3661022354563013
1319;1659;0.3662281846215587
1320;1659.5;0.36635280745514964
1321;1660;0.3664778844304779
1322;1660.5;0.36660519632094724
1323;1661;0.3667365238999617
1324;1661.5;0.3668736476409247
1325;1662;0.3670183484172404
1326;1662.5;0.36717240680231256
1327;1663;0.36733750114711705
1328;1663.5;0.3675113865928566
1329;1664;0.36768828688522853
1330;1664.5;0.3678676631600218
1331;1665;0.3680495451530253
1332;1665.5;0.36823396270002806
1333;1666;0.36842094563681904
1334;1666.5;0.36861052379918713
1335;1667;0.36880272702292133
1336;1667.5;0.36899758514381065
1337;1668;0.3691951318854434
1338;1668.5;0.3693964725593644
1339;1669;0.3696042048052869
1340;1669.5;0.3698185024899182
1341;1670;0.3700390508799662
1342;1670.5;0.37026553534213874
1343;1671;0.37049764144314346
1344;1671.5;0.37073505434968795
1345;1672;0.37097745962847994
1346;1672.5;0.37122454244622727
1347;1673;0.3714759883696376
1348;1673.5;0.3717359545823513
1349;1674;0.3720097160583835
1350;1674.5;0.3722965348496673
1351;1675;0.3725958175909485
1352;1675.5;0.37290697061697287
1353;1676;0.3732294002624865
1354;1676.5;0.3735625130622352
1355;1677;0.37390571545096485
1356;1677.5;0.3742584136634212
1357;1678;0.3746200142343504
1358;1678.5;0.37499871997058676
1359;1679;0.375415462968762
1360;1679.5;0.3758687540650615
1361;1680;0.37635466815810414
1362;1680.5;0.3768692803465087
1363;1681;0.3774086657288939
1364;1681.5;0.37796889930387867
1365;1682;0.37854605627008164
1366;1682.5;0.3791362114261217
1367;1683;0.37973544007061766
1368;1683.5;0.3803502685919099
1369;1684;0.3810194639725063
1370;1684.5;0.38174494144262283
1371;1685;0.3825216757217932
1372;1685.5;0.38334464162955106
1373;1686;0.38420881388542993
1374;1686.5;0.3851091672089635
1375;1687;0.38604067651968543
1376;1687.5;0.3869983164371291
1377;1688;0.3879770618808284
1378;1688.5;0.3889788921932834
1379;1689;0.39004457887239213
1380;1689.5;0.39117570236936744
1381;1690;0.39236525607101563
1382;1690.5;0.3936062347641426
1383;1691;0.3948916329355546
1384;1691.5;0.3962144454720577
1385;1692;0.39756766696045787
1386;1692.5;0.3989442919875612
1387;1693;0.4003373154401741
1388;1693.5;0.40174275854331193
1389;1694;0.4031921715199179
1390;1694.5;0.40468971233615686
1391;1695;0.40622744091911117
1392;1695.5;0.40779740569586326
1393;1696;0.4093916547934957
1394;1696.5;0.4110022364390907
1395;1697;0.4126211990597309
1396;1697.5;0.4142405906824986
1397;1698;0.4158524598344762
1398;1698.5;0.4174499177502953
1399;1699;0.4190576983884416
1400;1699.5;0.4206771093026626
1401;1700;0.4223017151268883
1402;1700.5;0.42392612009504804
1403;1701;0.4255449285410714
1404;1701.5;0.4271527445988882
1405;1702;0.4287441723024279
1406;1702.5;0.4303138160856202
1407;1703;0.4318562800823947
1408;1703.5;0.4333663149527345
1409;1704;0.4348708991232793
1410;1704.5;0.4363822165830891
1411;1705;0.4378887492135461
1412;1705.5;0.43937980829603235
1413;1706;0.4408447053119301
1414;1706.5;0.4422727516426215
1415;1707;0.4436532587694887
1416;1707.5;0.4449755379739139
1417;1708;0.44622890093727924
1418;1708.5;0.4474026588409671
1419;1709;0.44853202190429214
1420;1709.5;0.44966083192287326
1421;1710;0.45077301372445744
1422;1710.5;0.45185186636414115
1423;1711;0.45288068879702015
1424;1711.5;0.4538427801781911
1425;1712;0.4547214394627498
1426;1712.5;0.4554999659057925
1427;1713;0.45616165836241535
1428;1713.5;0.45668981608771475
1429;1714;0.4571224651534422
1430;1714.5;0.4575517996865899
1431;1715;0.45796847465019097
1432;1715.5;0.45835991211672383
1433;1716;0.4587135343586673
1434;1716.5;0.4590167636484998
1435;1717;0.45925702195869994
1436;1717.5;0.45942173166174627
1437;1718;0.4594983149301174
1438;1718.5;0.45947419383629207
1439;1719;0.4593531132725894
1440;1719.5;0.45917284229762406
1441;1720;0.4589385019826235
1442;1720.5;0.4586564705895844
1443;1721;0.4583331260805039
1444;1721.5;0.4579748468173789
1445;1722;0.4575880107622064
1446;1722.5;0.45717899607698315
1447;1723;0.45675418092370634
1448;1723.5;0.4563199434643728
1449;1724;0.4558752312735089
1450;1724.5;0.45539131070654637
1451;1725;0.454868570539841
1452;1725.5;0.4543162123903953
1453;1726;0.4537434403752119
1454;1726.5;0.45315945891129356
1455;1727;0.45257347211564236
1456;1727.5;0.45199468410526117
1457;1728;0.45143229929715256
1458;1728.5;0.45089552180831893
1459;1729;0.45038657286021977
1460;1729.5;0.44986763573072996
1461;1730;0.4493379547359684
1462;1730.5;0.4488070198482803
1463;1731;0.44828434704001047
1464;1731.5;0.44777945248350404
1465;1732;0.44730185215110596
1466;1732.5;0.4468610620151616
1467;1733;0.44646659824801577
1468;1733.5;0.44612797682201355
1469;1734;0.44585151181432164
1470;1734.5;0.44561074324786054
1471;1735;0.4453997579196348
1472;1735.5;0.44522195177812457
1473;1736;0.4450807552718098
1474;1736.5;0.444979598949171
1475;1737;0.4449219131586878
1476;1737.5;0.4449111284488406
1477;1738;0.4449506753681094
1478;1738.5;0.4450439843649742
1479;1739;0.44519438628272107
1480;1739.5;0.44540063371233984
1481;1740;0.44565624386550134
1482;1740.5;0.44595377168772954
1483;1741;0.4462856999245478
1484;1741.5;0.44664451082147993
1485;1742;0.4470226867240493
1486;1742.5;0.44741271037777963
1487;1743;0.44780706382819446
1488;1743.5;0.4481982298208173
1489;1744;0.44857968263796283
1490;1744.5;0.4489851001259675
1491;1745;0.44942656188219293
1492;1745.5;0.44989221960937426
1493;1746;0.4503700517102466
1494;1746.5;0.4508480362875453
1495;1747;0.4513141514440056
1496;1747.5;0.45175637538236285
1497;1748;0.45216268620535194
1498;1748.5;0.4525210620157084
1499;1749;0.45281956502009607
1500;1749.5;0.45306293759582805
1501;1750;0.45326257159413486
1502;1750.5;0.45341957671182487
1503;1751;0.453534610845706
1504;1751.5;0.4536083319925863
1505;1752;0.4536413980492743
1506;1752.5;0.45363446701257776
1507;1753;0.4535881968793049
1508;1753.5;0.45350324564626393
1509;1754;0.4533802712102628
1510;1754.5;0.4531996818457184
1511;1755;0.45294768173168143
1512;1755.5;0.4526328779871145
1513;1756;0.4522635607024064
1514;1756.5;0.45184802046794525
1515;1757;0.45139454727411915
1516;1757.5;0.45091143161131686
1517;1758;0.4504069635699266
1518;1758.5;0.44988943364033646
1519;1759;0.44936713201293516
1520;1759.5;0.44882574396567143
1521;1760;0.4482407074899878
1522;1760.5;0.44761822199640944
1523;1761;0.44696491219732887
1524;1761.5;0.4462874026051386
1525;1762;0.4455923179322309
1526;1762.5;0.4448862826909988
1527;1763;0.4441759215938343
1528;1763.5;0.4434678592531302
1529;1764;0.442768720181279
1530;1764.5;0.44207230475373593
1531;1765;0.44136121499984354
1532;1765.5;0.4406392693862914
1533;1766;0.4399104332328333
1534;1766.5;0.4391786717592227
1535;1767;0.43844795018521293
1536;1767.5;0.43772223393055787
1537;1768;0.43700548811501083
1538;1768.5;0.4363016780583252
1539;1769;0.43561476898025475
1540;1769.5;0.4349398334106057
1541;1770;0.4342593690269381
1542;1770.5;0.4335767440053617
1543;1771;0.43289702065949187
1544;1771.5;0.43222526160294433
1545;1772;0.4315665292493346
1546;1772.5;0.43092588601227816
1547;1773;0.4303083944053908
1548;1773.5;0.4297191169422879
1549;1774;0.4291631161365852
1550;1774.5;0.4286368283734393
1551;1775;0.42811580197226984
1552;1775.5;0.42760001466970976
1553;1776;0.427094390390714
1554;1776.5;0.42660385336023693
1555;1777;0.42613332760323336
1556;1777.5;0.42568773724465797
1557;1778;0.4252720064094655
1558;1778.5;0.42489105922261067
1559;1779;0.42454981970904804
1560;1779.5;0.42424653222257647
1561;1780;0.4239584763439752
1562;1780.5;0.42368201730501387
1563;1781;0.4234175059133829
1564;1781.5;0.42316529267677294
1565;1782;0.4229257285028745
1566;1782.5;0.4226991637993779
1567;1783;0.4224859493739738
1568;1783.5;0.42228643593435267
1569;1784;0.42210097408820496
1570;1784.5;0.4219282490854974
1571;1785;0.42176126668542924
1572;1785.5;0.4215990957940072
1573;1786;0.42144087275463304
1574;1786.5;0.4212857307107085
1575;1787;0.42113280300563527
1576;1787.5;0.42098122268281524
1577;1788;0.42083012298565015
1578;1788.5;0.4206786372575418
1579;1789;0.4205258985418919
1580;1789.5;0.4203714802300558
1581;1790;0.4202172616976517
1582;1790.5;0.4200635705249612
1583;1791;0.4199104575667616
1584;1791.5;0.41975797467783
1585;1792;0.41960617411294343
1586;1792.5;0.41945510792687923
1587;1793;0.41930482797441426
1588;1793.5;0.41915538661032575
1589;1794;0.41900683568939073
1590;1794.5;0.4188587606588713
1591;1795;0.4187084341702777
1592;1795.5;0.4185561922626281
1593;1796;0.41840325495756536
1594;1796.5;0.4182508466767324
1595;1797;0.4181001920417716
1596;1797.5;0.4179525155743261
1597;1798;0.4178090417960384
1598;1798.5;0.4176709952285512
1599;1799;0.4175396003935076
1600;1799.5;0.41741596897422617
1601;1800;0.4172990302227812
1602;1800.5;0.41718642086893104
1603;1801;0.41707761129964976
1604;1801.5;0.41697213260191185
1605;1802;0.4168695154626917
1606;1802.5;0.41676929086896325
1607;1803;0.41667098960770116
1608;1803.5;0.4165741424658796
1609;1804;0.41647828033047285
1610;1804.5;0.4163834444823479
1611;1805;0.41629386641566485
1612;1805.5;0.41621003027595727
1613;1806;0.4161301003344491
1614;1806.5;0.41605219706236374
1615;1807;0.4159744407309251
1616;1807.5;0.41589495181135644
1617;1808;0.4158118505748817
1618;1808.5;0.41572325749272415
1619;1809;0.41562729283610783
1620;1809.5;0.41552187984714184
1621;1810;0.4154050389968035
1622;1810.5;0.4152802318449228
1623;1811;0.41514919703676806
1624;1811.5;0.4150135056176073
1625;1812;0.4148747285327089
1626;1812.5;0.414734436627341
1627;1813;0.4145942009467718
1628;1813.5;0.41445559243626945
1629;1814;0.4143201819411023
1630;1814.5;0.414188943038747
1631;1815;0.4140570337636335
1632;1815.5;0.4139244187478422
1633;1816;0.41379206241749633
1634;1816.5;0.41366088129871936
1635;1817;0.41353179211763447
1636;1817.5;0.413405711600365
1637;1818;0.41328355627303415
1638;1818.5;0.4131662428617654
1639;1819;0.41305468809268175
1640;1819.5;0.4129494422431327
1641;1820;0.41284497236100137
1642;1820.5;0.4127351603327001
1643;1821;0.4126214262859092
1644;1821.5;0.41250568114830954
1645;1822;0.4123898356475822
1646;1822.5;0.41227580071140785
1647;1823;0.41216548726746727
1648;1823.5;0.4120608059434411
1649;1824;0.4119636677670105
1650;1824.5;0.41187585975058666
1651;1825;0.41179614770299394
1652;1825.5;0.4117195129605723
1653;1826;0.411645368717869
1654;1826.5;0.4115735651694319
1655;1827;0.4115039528098082
1656;1827.5;0.41143638193354554
1657;1828;0.4113707030351913
1658;1828.5;0.4113067662092931
1659;1829;0.4112444220503983
1660;1829.5;0.411183684906271
1661;1830;0.41112672793481925
1662;1830.5;0.4110747806801244
1663;1831;0.41102650894091325
1664;1831.5;0.41098040381591316
1665;1832;0.41093495630385063
1666;1832.5;0.41088865770345306
1667;1833;0.41083999881344707
1668;1833.5;0.41078747083255995
1669;1834;0.41072956485951834
1670;1834.5;0.41066482536354565
1671;1835;0.41059092621454507
1672;1835.5;0.4105020226822672
1673;1836;0.4104005633464757
1674;1836.5;0.410289780386934
1675;1837;0.4101729061834054
1676;1837.5;0.4100531732156535
1677;1838;0.4099338137634418
1678;1838.5;0.4098180601065338
1679;1839;0.40970914472469283
1680;1839.5;0.40961030553862504
1681;1840;0.4095223063586175
1682;1840.5;0.40943787811918797
1683;1841;0.40935532137762715
1684;1841.5;0.4092736378912264
1685;1842;0.4091918293172766
1686;1842.5;0.4091088972130691
1687;1843;0.4090238434358947
1688;1843.5;0.4089356694430449
1689;1844;0.4088433770918104
1690;1844.5;0.40874578097076925
1691;1845;0.4086404571474123
1692;1845.5;0.40852800551426827
1693;1846;0.4084098908577186
1694;1846.5;0.40828757886414524
1695;1847;0.40816253501992944
1696;1847.5;0.408036225211453
1697;1848;0.40791011502509755
1698;1848.5;0.40778567004724475
1699;1849;0.40766435616427615
1700;1849.5;0.4075472350545642
1701;1850;0.4074322577695641
1702;1850.5;0.4073212325744275
1703;1851;0.40721365246017854
1704;1851.5;0.4071087322178421
1705;1852;0.40700568643844254
1706;1852.5;0.4069037297130043
1707;1853;0.40680207693255194
1708;1853.5;0.40669994258811004
1709;1854;0.4065965414707029
1710;1854.5;0.4064907968717907
1711;1855;0.40637855804372147
1712;1855.5;0.40625713038367817
1713;1856;0.40612911513307137
1714;1856.5;0.40599743513331177
1715;1857;0.40586501342580944
1716;1857.5;0.40573477285197523
1717;1858;0.4056096363532193
1718;1858.5;0.40549252707095257
1719;1859;0.4053863677465852
1720;1859.5;0.4052935627900349
1721;1860;0.4052106645576867
1722;1860.5;0.4051309346655244
1723;1861;0.40505446649680243
1724;1861.5;0.4049818610347747
1725;1862;0.40491371886269567
1726;1862.5;0.4048506407638193
1727;1863;0.40479322752140023
1728;1863.5;0.4047420799186921
1729;1864;0.40469779873894945
1730;1864.5;0.4046618910771027
1731;1865;0.4046399526643224
1732;1865.5;0.4046319630926022
1733;1866;0.404636151702356
1734;1866.5;0.40465070613399695
1735;1867;0.4046738141279388
1736;1867.5;0.4047036630245951
1737;1868;0.40473844056437935
1738;1868.5;0.40477633428770526
1739;1869;0.40481553183498625
1740;1869.5;0.40485888508237755
1741;1870;0.4049268134834822
1742;1870.5;0.40501714550518286
1743;1871;0.40512687002713565
1744;1871.5;0.40525308992899634
1745;1872;0.40539290789042093
1746;1872.5;0.40554342679106536
1747;1873;0.4057017495105856
1748;1873.5;0.4058649789286374
1749;1874;0.40603021772487696
1750;1874.5;0.40620197403539277
1751;1875;0.4064076297701174
1752;1875.5;0.4066460144659955
1753;1876;0.4069134570720438
1754;1876.5;0.40720632263727896
1755;1877;0.40752097621071764
1756;1877.5;0.4078537829413766
1757;1878;0.4082011078782724
1758;1878.5;0.40855931617042174
1759;1879;0.4089247728668412
1760;1879.5;0.40930286348218586
1761;1880;0.409719539145296
1762;1880.5;0.410172889669957
1763;1881;0.4106592587992056
1764;1881.5;0.4111750012760777
1765;1882;0.4117164721436099
1766;1882.5;0.41228002624483856
1767;1883;0.4128620185227998
1768;1883.5;0.4134588038205299
1769;1884;0.41406673718106557
1770;1884.5;0.414691717169671
1771;1885;0.41535394175723467
1772;1885.5;0.4160485953167063
1773;1886;0.4167697107022244
1774;1886.5;0.41751132306792826
1775;1887;0.4182674675679564
1776;1887.5;0.41903217935644815
1777;1888;0.41979949368754205
1778;1888.5;0.42056344561537706
1779;1889;0.4213180705940923
1780;1889.5;0.4220681037345093
1781;1890;0.4228299696320672
1782;1890.5;0.42360022419094623
1783;1891;0.42437511432711456
1784;1891.5;0.42515088775654053
1785;1892;0.42592379169519246
1786;1892.5;0.42669007355903876
1787;1893;0.42744598096404757
1788;1893.5;0.4281877612261873
1789;1894;0.4289116618614261
1790;1894.5;0.42961773196049996
1791;1895;0.43031175573735697
1792;1895.5;0.4309958027246926
1793;1896;0.4316714968516898
1794;1896.5;0.43234046174753155
1795;1897;0.4330043212414007
1796;1897.5;0.4336646991624802
1797;1898;0.43432321923995315
1798;1898.5;0.43498150520300244
1799;1899;0.435641180980811
1800;1899.5;0.43629862538328057
1801;1900;0.43694870028111643
1802;1900.5;0.4375926590337107
1803;1901;0.43823250202161523
1804;1901.5;0.43887022952538174
1805;1902;0.43950784172556256
1806;1902.5;0.44014733890270963
1807;1903;0.44079072143737486
1808;1903.5;0.4414399895101102
1809;1904;0.44209713129451556
1810;1904.5;0.4427619125445501
1811;1905;0.44343415945345077
1812;1905.5;0.44411325188604084
1813;1906;0.4447979200071438
1814;1906.5;0.4454868940815828
1815;1907;0.4461789043741814
1816;1907.5;0.44687268104976285
1817;1908;0.4475669544731504
1818;1908.5;0.4482604548091674
1819;1909;0.44895195031927015
1820;1909.5;0.4496413525977491
1821;1910;0.4503269439864046
1822;1910.5;0.45100919805821216
1823;1911;0.4516894305861469
1824;1911.5;0.45236895714318476
1825;1912;0.4530490935023009
1826;1912.5;0.4537311552364711
1827;1913;0.4544164583186704
1828;1913.5;0.4551063181218746
1829;1914;0.4558020016020759
1830;1914.5;0.456503833657227
1831;1915;0.4572073070788907
1832;1915.5;0.45791185327731443
1833;1916;0.4586184151627461
1834;1916.5;0.45932793554543344
1835;1917;0.4600413572356241
1836;1917.5;0.46075962304356555
1837;1918;0.46148367577950583
1838;1918.5;0.4622144582536924
1839;1919;0.46295346638240104
1840;1919.5;0.4637047191610601
1841;1920;0.46446553588058626
1842;1920.5;0.465232863168179
1843;1921;0.4660038368510374
1844;1921.5;0.4667755931563612
1845;1922;0.46754526781134953
1846;1922.5;0.4683099968432017
1847;1923;0.46906691637911707
1848;1923.5;0.46981316214629515
1849;1924;0.470547705678617
1850;1924.5;0.4712774057686017
1851;1925;0.4720031467832003
1852;1925.5;0.472724287210932
1853;1926;0.47344012784031564
1854;1926.5;0.4741499691598704
1855;1927;0.4748531118581153
1856;1927.5;0.47554885652356915
1857;1928;0.4762365038447512
1858;1928.5;0.47691535441018046
1859;1929;0.47758691064220554
1860;1929.5;0.4782558294888111
1861;1930;0.47891956784599143
1862;1930.5;0.4795762759731512
1863;1931;0.4802241658296958
1864;1931.5;0.48086144957503035
1865;1932;0.4814863390685599
1866;1932.5;0.4820970465696897
1867;1933;0.48269178383782496
1868;1933.5;0.48326876303237043
1869;1934;0.48383353351348707
1870;1934.5;0.48439511750430214
1871;1935;0.4849485007695735
1872;1935.5;0.48549057189966927
1873;1936;0.4860182586849569
1874;1936.5;0.48652848841580437
1875;1937;0.4870181887825792
1876;1937.5;0.4874842871756493
1877;1938;0.48792371118538247
1878;1938.5;0.48833338840923907
1879;1939;0.48873010688928115
1880;1939.5;0.4891283009552678
1881;1940;0.48952102323093155
1882;1940.5;0.48990170374000436
1883;1941;0.4902637729062187
1884;1941.5;0.49060066105330635
1885;1942;0.4909057984049999
1886;1942.5;0.49117261528503137
1887;1943;0.4913945422171328
1888;1943.5;0.49156577330615037
1889;1944;0.4917164486606563
1890;1944.5;0.49186176347045973
1891;1945;0.49199777290840735
1892;1945.5;0.49212063364734543
1893;1946;0.4922265021601208
1894;1946.5;0.49231153481957984
1895;1947;0.49237188829856915
1896;1947.5;0.49240371886993517
1897;1948;0.49240318320652465
1898;1948.5;0.49236732332684285
1899;1949;0.49230558436338956
1900;1949.5;0.49222192285695476
1901;1950;0.4921184179061722
1902;1950.5;0.4919978487096753
1903;1951;0.4918629941660976
1904;1951.5;0.4917166335740729
1905;1952;0.4915615459322348
1906;1952.5;0.49140051043921684
1907;1953;0.4912363060936526
1908;1953.5;0.49106861720081774
1909;1954;0.49088269994318445
1910;1954.5;0.49067806955184406
1911;1955;0.4904566172666266
1912;1955.5;0.49022023152736177
1913;1956;0.4899708001738792
1914;1956.5;0.4897102116460089
1915;1957;0.4894403539835805
1916;1957.5;0.4891631153264238
1917;1958;0.4888803839143686
1918;1958.5;0.48858932097922886
1919;1959;0.488278497301777
1920;1959.5;0.48794986375830335
1921;1960;0.4876060872841615
1922;1960.5;0.4872497988147046
1923;1961;0.48688362888528625
1924;1961.5;0.48651020803125977
1925;1962;0.48613216698797856
1926;1962.5;0.485752136390796
1927;1963;0.48537274677506553
1928;1963.5;0.4849902661097726
1929;1964;0.4845946654940721
1930;1964.5;0.4841820918415845
1931;1965;0.48375654990849865
1932;1965.5;0.48332233125100343
1933;1966;0.4828837279252878
1934;1966.5;0.4824450316875405
1935;1967;0.4820105342939506
1936;1967.5;0.4815845277007068
1937;1968;0.4811712761607925
1938;1968.5;0.4807715808857564
1939;1969;0.4803806769626783
1940;1969.5;0.4799935064950501
1941;1970;0.47960990358636346
1942;1970.5;0.47922971244011
1943;1971;0.4788527768597811
1944;1971.5;0.4784789410488687
1945;1972;0.4781080488108641
1946;1972.5;0.4777399442492591
1947;1973;0.477374308695095
1948;1973.5;0.47700947143456396
1949;1974;0.47664642919949196
1950;1974.5;0.47628609425553553
1951;1975;0.4759292731683516
1952;1975.5;0.4755767726035963
1953;1976;0.47522939922692675
1954;1976.5;0.4748879596039994
1955;1977;0.474553260400471
1956;1977.5;0.4742261081819982
1957;1978;0.47390531721781526
1958;1978.5;0.4735818149998633
1959;1979;0.47325654502835535
1960;1979.5;0.47293265395951367
1961;1980;0.4726132467495597
1962;1980.5;0.47230142795471525
1963;1981;0.4720003023312021
1964;1981.5;0.4717129746352421
1965;1982;0.47144254942305697
1966;1982.5;0.4711921315508684
1967;1983;0.4709593262306317
1968;1983.5;0.4707348894347397
1969;1984;0.4705202807808685
1970;1984.5;0.470316755222015
1971;1985;0.47012556961117646
1972;1985.5;0.4699479809013498
1973;1986;0.4697852458455321
1974;1986.5;0.4696386212967205
1975;1987;0.46950936430791196
1976;1987.5;0.46939873115889
1977;1988;0.4693061892813454
1978;1988.5;0.46922950466760815
1979;1989;0.46916851825661815
1980;1989.5;0.469122961687315
1981;1990;0.46909254289863844
1982;1990.5;0.46907696982952807
1983;1991;0.4690759503189236
1984;1991.5;0.4690891925057648
1985;1992;0.46911640412899125
1986;1992.5;0.46915880709681373
1987;1993;0.4692442943314985
1988;1993.5;0.46937933191982834
1989;1994;0.46955781432100296
1990;1994.5;0.46977394729422217
1991;1995;0.47002193669868547
1992;1995.5;0.47029598829359276
1993;1996;0.47059030803814383
1994;1996.5;0.4708991016915382
1995;1997;0.4712165752129757
1996;1997.5;0.4715453648196637
1997;1998;0.4719240111031639
1998;1998.5;0.4723513855208303
1999;1999;0.47282031007463204
2000;1999.5;0.4733237095665386
2001;2000;0.4738545090985191
2002;2000.5;0.474405633772543
2003;2001;0.47497000829057967
2004;2001.5;0.4755405579545983
2005;2002;0.4761102075665681
2006;2002.5;0.47668836721085733
2007;2003;0.4773019568815899
2008;2003.5;0.47794289437067194
2009;2004;0.47860261947046656
2010;2004.5;0.47927280727333726
2011;2005;0.47994513277164746
2012;2005.5;0.48061127115776064
2013;2006;0.48126289732403993
2014;2006.5;0.48189168656284886
2015;2007;0.4824894461654844
2016;2007.5;0.48307478264689313
2017;2008;0.48366124746488365
2018;2008.5;0.48424334588450846
2019;2009;0.48481507617081937
2020;2009.5;0.4853703996888692
2021;2010;0.48590327740370987
2022;2010.5;0.4864076707803938
2023;2011;0.4868775408839731
2024;2011.5;0.4873068490795004
2025;2012;0.4876915501999532
2026;2012.5;0.4880500654432335
2027;2013;0.48838780031224777
2028;2013.5;0.48870471105812435
2029;2014;0.4890030105319919
2030;2014.5;0.4892849132849788
2031;2015;0.48955263406821337
2032;2015.5;0.4898083875328241
2033;2016;0.49005438822993935
2034;2016.5;0.4902928510106877
2035;2017;0.4905231941058979
2036;2017.5;0.49073921625009476
2037;2018;0.490942240053474
2038;2018.5;0.4911354115507347
2039;2019;0.4913227577765758
2040;2019.5;0.49150830596569656
2041;2020;0.4916960832527962
2042;2020.5;0.4918901166725734
2043;2021;0.4920944335597275
2044;2021.5;0.49231306084895754
2045;2022;0.49254768529752824
2046;2022.5;0.4927967911176463
2047;2023;0.4930581816747871
2048;2023.5;0.493332117952282
2049;2024;0.4936192946334616
2050;2024.5;0.4939204062016572
2051;2025;0.49423614694019974
2052;2025.5;0.49456721143242
2053;2026;0.494914294261649
2054;2026.5;0.49528040101964466
2055;2027;0.4957047060767706
2056;2027.5;0.4961962594816778
2057;2028;0.49674750843710785
2058;2028.5;0.4973522104458021
2059;2029;0.498004173210502
2060;2029.5;0.4986972047339492
2061;2030;0.4994251128188852
2062;2030.5;0.500181705168051
2063;2031;0.5009607897841887
2064;2031.5;0.50177355012997
2065;2032;0.5026804518798424
2066;2032.5;0.503679545557496
2067;2033;0.5047612598214859
2068;2033.5;0.5059149822303669
2069;2034;0.5071301002426946
2070;2034.5;0.5083960014170237
2071;2035;0.5097020730119095
2072;2035.5;0.511037702785907
2073;2036;0.5123922779975711
2074;2036.5;0.5137932180252621
2075;2037;0.5152729592481307
2076;2037.5;0.5168116956797244
2077;2038;0.5183956294017587
2078;2038.5;0.5200125849959483
2079;2039;0.5216503871440084
2080;2039.5;0.5232968604276541
2081;2040;0.5249398295286005
2082;2040.5;0.5265671190285628
2083;2041;0.5281723913661102
2084;2041.5;0.5298347504436473
2085;2042;0.5315632409744573
2086;2042.5;0.5333298230333422
2087;2043;0.5351045524951041
2088;2043.5;0.5368574495345453
2089;2044;0.5385585346264675
2090;2044.5;0.5401778279456732
2091;2045;0.5416853498669643
2092;2045.5;0.5430511205651427
2093;2046;0.5442771018875436
2094;2046.5;0.5454468818052696
2095;2047;0.5465519780784278
2096;2047.5;0.5475774531654936
2097;2048;0.5485069215249426
2098;2048.5;0.5493239975152504
2099;2049;0.5500122958948925
2100;2049.5;0.5505554308223444
2101;2050;0.5509370170560816
2102;2050.5;0.5511406582857559
2103;2051;0.5511266062776407
2104;2051.5;0.5508840196160937
2105;2052;0.5504335342988551
2106;2052.5;0.5497962701236649
2107;2053;0.548993938188263
2108;2053.5;0.5480482492903895
2109;2054;0.5469809144277843
2110;2054.5;0.5458136445981875
2111;2055;0.5445681506993393
2112;2055.5;0.5432461319488071
2113;2056;0.5416883199994227
2114;2056.5;0.5398916110611761
2115;2057;0.5379021647515251
2116;2057.5;0.535764986187927
2117;2058;0.5335249866878392
2118;2058.5;0.5312270777687196
2119;2059;0.5289161708480253
2120;2059.5;0.5266371774432139
2121;2060;0.524435008971743
2122;2060.5;0.522283632522562
2123;2061;0.5200635816590664
2124;2061.5;0.5177950567793601
2125;2062;0.5155035955833118
2126;2062.5;0.513215267670791
2127;2063;0.5109561426416663
2128;2063.5;0.508752290395807
2129;2064;0.5066297805330817
2130;2064.5;0.5046146828533599
2131;2065;0.5027307539580268
2132;2065.5;0.5009110480486757
2133;2066;0.4991242533761783
2134;2066.5;0.4973832320194133
2135;2067;0.4957016684572597
2136;2067.5;0.4940934872685962
2137;2068;0.4925726131323021
2138;2068.5;0.4911529703272561
2139;2069;0.4898484835323371
2140;2069.5;0.4886730773264242
2141;2070;0.4876142597579882
2142;2070.5;0.48657425107201246
2143;2071;0.48555429724555077
2144;2071.5;0.48456753346667975
2145;2072;0.4836292362234758
2146;2072.5;0.48275475500401593
2147;2073;0.4819594387963765
2148;2073.5;0.48125863688863396
2149;2074;0.48066769846886537
2150;2074.5;0.4802019640831629
2151;2075;0.4797992676293806
2152;2075.5;0.47939742929871476
2153;2076;0.47900668301732796
2154;2076.5;0.4786362453113825
2155;2077;0.47829512070704083
2156;2077.5;0.47799231373046547
2157;2078;0.4777368287078188
2158;2078.5;0.47753767026526306
2159;2079;0.47740384272896097
2160;2079.5;0.47733664476058985
2161;2080;0.4772830488534199
2162;2080.5;0.4772310543611879
2163;2081;0.4771789795142327
2164;2081.5;0.47713007794289297
2165;2082;0.4770881931775076
2166;2082.5;0.4770571686484154
2167;2083;0.47704084788595535
2168;2083.5;0.4770430742204662
2169;2084;0.4770676912822866
2170;2084.5;0.4771152269898252
2171;2085;0.4771830568585694
2172;2085.5;0.47726726872952163
2173;2086;0.477361358008572
2174;2086.5;0.47746443960161056
2175;2087;0.4775756406145272
2176;2087.5;0.4776940880532118
2177;2088;0.47781890872355426
2178;2088.5;0.4779492296314448
2179;2089;0.47808476720547943
2180;2089.5;0.4782321699659337
2181;2090;0.4783926037488776
2182;2090.5;0.478565124860198
2183;2091;0.47874821920578176
2184;2091.5;0.478940226091516
2185;2092;0.4791394845232874
2186;2092.5;0.4793443340069832
2187;2093;0.47955311374849
2188;2093.5;0.47976416285369494
2189;2094;0.4799798316422059
2190;2094.5;0.4802071113638961
2191;2095;0.4804454903458115
2192;2095.5;0.4806950485825044
2193;2096;0.4809555426685267
2194;2096.5;0.4812267099984308
2195;2097;0.4815082879667688
2196;2097.5;0.48180001396809297
2197;2098;0.48210162549695523
2198;2098.5;0.48241362290874346
2199;2099;0.482749551153836
2200;2099.5;0.4831124451435804
2201;2100;0.48350052398387466
2202;2100.5;0.48391060478061654
2203;2101;0.4843388205397039
2204;2101.5;0.48478130466703473
2205;2102;0.4852341902685069
2206;2102.5;0.4856936106500182
2207;2103;0.48615569911746653
2208;2103.5;0.48662221477935724
2209;2104;0.4871032674847878
2210;2104.5;0.48759445444822197
2211;2105;0.48808729741787876
2212;2105.5;0.48858166764197775
2213;2106;0.48907808606873837
2214;2106.5;0.48957707384637994
2215;2107;0.49007915202312163
2216;2107.5;0.49058484154718335
2217;2108;0.49109488798217243
2218;2108.5;0.49161540456480124
2219;2109;0.49215146610810906
2220;2109.5;0.49270127626743887
2221;2110;0.4932627072981335
2222;2110.5;0.493836359955536
2223;2111;0.4944228347949893
2224;2111.5;0.49502273257183627
2225;2112;0.49563665374141996
2226;2112.5;0.4962651990590832
2227;2113;0.496913085557612
2228;2113.5;0.4975875417957642
2229;2114;0.4982839903294033
2230;2114.5;0.49899840540555634
2231;2115;0.4997256158712505
2232;2115.5;0.5004602884735128
2233;2116;0.5011970902593704
2234;2116.5;0.5019306879758506
2235;2117;0.5026557486699802
2236;2117.5;0.5033682277813791
2237;2118;0.5040857114616963
2238;2118.5;0.5048111268003773
2239;2119;0.5055378896227617
2240;2119.5;0.5062603834541892
2241;2120;0.5069742124199993
2242;2120.5;0.507674980345532
2243;2121;0.5083582913561269
2244;2121.5;0.5090197494771237
2245;2122;0.509654958733862
2246;2122.5;0.5102691493337148
2247;2123;0.5108781359683051
2248;2123.5;0.5114798055895953
2249;2124;0.5120697962599611
2250;2124.5;0.5126442856417783
2251;2125;0.5131996298974232
2252;2125.5;0.5137321851892714
2253;2126;0.5142383074796992
2254;2126.5;0.5147143528310824
2255;2127;0.5151582864137638
2256;2127.5;0.5155857180313255
2257;2128;0.5160000571708367
2258;2128.5;0.5164003240908753
2259;2129;0.51678573275002
2260;2129.5;0.5171548511068487
2261;2130;0.5175062469199395
2262;2130.5;0.517838488347871
2263;2131;0.5181501430492211
2264;2131.5;0.5184397790825682
2265;2132;0.5187115276222461
2266;2132.5;0.51897306373674
2267;2133;0.5192251272151478
2268;2133.5;0.5194686350904477
2269;2134;0.519704158895619
2270;2134.5;0.5199322159636406
2271;2135;0.5201533235274913
2272;2135.5;0.5203679990201502
2273;2136;0.520576759774596
2274;2136.5;0.5207791953034068
2275;2137;0.5209703785332203
2276;2137.5;0.5211515919592853
2277;2138;0.5213244555340455
2278;2138.5;0.5214913032099449
2279;2139;0.5216554851394267
2280;2139.5;0.5218203513749355
2281;2140;0.5219892518689144
2282;2140.5;0.5221655365738077
2283;2141;0.5223525418414371
2284;2141.5;0.5225479870080305
2285;2142;0.522749846002492
2286;2142.5;0.522960202723092
2287;2143;0.5231801320681011
2288;2143.5;0.5234106116357896
2289;2144;0.5236526643244283
2290;2144.5;0.5239073128322873
2291;2145;0.5241755798576377
2292;2145.5;0.52445848809875
2293;2146;0.5247626007770273
2294;2146.5;0.5251057900563805
2295;2147;0.5254849298851977
2296;2147.5;0.5258969484917397
2297;2148;0.5263380264042669
2298;2148.5;0.5268030231510394
2299;2149;0.5272867980603183
2300;2149.5;0.5277842103603636
2301;2150;0.528290119379436
2302;2150.5;0.5288004339339201
2303;2151;0.5293342425866582
2304;2151.5;0.5298974770226117
2305;2152;0.5304841545945962
2306;2152.5;0.5310850696554277
2307;2153;0.5316995016579216
2308;2153.5;0.532327380654894
2309;2154;0.5329686363991603
2310;2154.5;0.5336231989435365
2311;2155;0.5342909980408382
2312;2155.5;0.5349856552690336
2313;2156;0.5357271980483528
2314;2156.5;0.5365108293350357
2315;2157;0.5373278115827994
2316;2157.5;0.5381671187453607
2317;2158;0.539018221876437
2318;2158.5;0.5398705922297447
2319;2159;0.5407137009590011
2320;2159.5;0.5415370191179231
2321;2160;0.5423330205095148
2322;2160.5;0.5431135742007858
2323;2161;0.5438802307142816
2324;2161.5;0.5446323533918516
2325;2162;0.5453724265753451
2326;2162.5;0.5461033017066115
2327;2163;0.5468278069275
2328;2163.5;0.54754877077986
2329;2164;0.5482690214055408
2330;2164.5;0.5489914762228045
2331;2165;0.5497247110451097
2332;2165.5;0.5504711216382226
2333;2166;0.5512280960566109
2334;2166.5;0.5519919133547422
2335;2167;0.5527562491870835
2336;2167.5;0.5535144728081026
2337;2168;0.5542599532722672
2338;2168.5;0.5549860598340446
2339;2169;0.5556861615479021
2340;2169.5;0.5563587714934984
2341;2170;0.5570112901058514
2342;2170.5;0.5576423252044627
2343;2171;0.5582522344871486
2344;2171.5;0.5588432028517252
2345;2172;0.5594158396960089
2346;2172.5;0.5599707523178159
2347;2173;0.5605085482149625
2348;2173.5;0.5610298346852651
2349;2174;0.5615368556523223
2350;2174.5;0.5620409813985467
2351;2175;0.562540508097854
2352;2175.5;0.5630296409439882
2353;2176;0.5634990237306929
2354;2176.5;0.5639448529517124
2355;2177;0.5643640242007903
2356;2177.5;0.5647534333716706
2357;2178;0.5651099760580972
2358;2178.5;0.5654308694918415
2359;2179;0.5657405434685249
2360;2179.5;0.5660517939679267
2361;2180;0.5663588890647774
2362;2180.5;0.5666518805338082
2363;2181;0.5669215799497501
2364;2181.5;0.5671605360873337
2365;2182;0.5673612978212901
2366;2182.5;0.5675164138263502
2367;2183;0.5676184330772448
2368;2183.5;0.5676815049078738
2369;2184;0.5677431403613731
2370;2184.5;0.5677997983208433
2371;2185;0.5678466250265366
2372;2185.5;0.5678787284187058
2373;2186;0.5678914279376034
2374;2186.5;0.5678800477234817
2375;2187;0.5678399120165931
2376;2187.5;0.5677663450571904
2377;2188;0.5676585013057296
2378;2188.5;0.5675357501536833
2379;2189;0.5674017579135819
2380;2189.5;0.5672567080477982
2381;2190;0.5671001170187044
2382;2190.5;0.5669323201886737
2383;2191;0.5667538280200782
2384;2191.5;0.5665651511752907
2385;2192;0.5663668000166842
2386;2192.5;0.5661586129709131
2387;2193;0.5659249208173094
2388;2193.5;0.5656647660971859
2389;2194;0.5653859768837384
2390;2194.5;0.5650976186501637
2391;2195;0.5648072684696583
2392;2195.5;0.5645213249154187
2393;2196;0.5642461864606411
2394;2196.5;0.5639882516785217
2395;2197;0.5637539190422576
2396;2197.5;0.5635436327163679
2397;2198;0.5633486144719254
2398;2198.5;0.5631626320808242
2399;2199;0.56297840900532
2400;2199.5;0.5627893417076687
2401;2200;0.5625926997501264
2402;2200.5;0.5623858593949487
2403;2201;0.5621661975043916
2404;2201.5;0.5619310904407109
2405;2202;0.56168052598433
2406;2202.5;0.5614224688357787
2407;2203;0.5611606828186408
2408;2203.5;0.5608972963588666
2409;2204;0.560626490882406
2410;2204.5;0.5603482617152092
2411;2205;0.5600641614832261
2412;2205.5;0.5597757428124072
2413;2206;0.5594845584287024
2414;2206.5;0.5591897380813454
2415;2207;0.5588757324829913
2416;2207.5;0.5585429728021443
2417;2208;0.5581957181035329
2418;2208.5;0.5578382564518851
2419;2209;0.5574727977119291
2420;2209.5;0.5571008569483936
2421;2210;0.5567239493260064
2422;2210.5;0.5563435898094958
2423;2211;0.5559605712499931
2424;2211.5;0.5555560508786648
2425;2212;0.5551235784838779
2426;2212.5;0.5546664477981962
2427;2213;0.5541882330541826
2428;2213.5;0.5536952646844004
2429;2214;0.5531952866214129
2430;2214.5;0.5526960504977833
2431;2215;0.5522053078460747
2432;2215.5;0.5517308102988503
2433;2216;0.5512626524756221
2434;2216.5;0.5507907633294596
2435;2217;0.5503230112795313
2436;2217.5;0.549867407655378
2437;2218;0.5494302817865409
2438;2218.5;0.5490144159025607
2439;2219;0.5486223471329787
2440;2219.5;0.5482566131073356
2441;2220;0.5479197510551727
2442;2220.5;0.5476038366696854
2443;2221;0.547288148821534
2444;2221.5;0.5469726231696734
2445;2222;0.5466575937765853
2446;2222.5;0.5463409112047509
2447;2223;0.546028936016651
2448;2223.5;0.5457304659747675
2449;2224;0.545454298841581
2450;2224.5;0.5452092322795734
2451;2225;0.5449988451412808
2452;2225.5;0.5448090623465192
2453;2226;0.5446432961495301
2454;2226.5;0.5445072161804813
2455;2227;0.5444050106695404
2456;2227.5;0.5443331641468747
2457;2228;0.544285900642652
2458;2228.5;0.5442574440870398
2459;2229;0.5442420182102057
2460;2229.5;0.544232323316743
2461;2230;0.5442105708087024
2462;2230.5;0.5441703539449244
2463;2231;0.5441082953383105
2464;2231.5;0.5440283861017623
2465;2232;0.5439470704481816
2466;2232.5;0.54386914459047
2467;2233;0.5437989434415289
2468;2233.5;0.5437408020142602
2469;2234;0.5437000410188088
2470;2234.5;0.5436994453976531
2471;2235;0.5437435441581088
2472;2235.5;0.5438276864353725
2473;2236;0.5439460837646417
2474;2236.5;0.5440883861811138
2475;2237;0.5442487470199857
2476;2237.5;0.5444220310164546
2477;2238;0.5446031031057179
2478;2238.5;0.5447873680964828
2479;2239;0.5450265549196083
2480;2239.5;0.5453484250927998
2481;2240;0.5457403363306996
2482;2240.5;0.5461902607479499
2483;2241;0.5466921890591926
2484;2241.5;0.5472317531790705
2485;2242;0.5477918027222254
2486;2242.5;0.5483551868032996
2487;2243;0.5489047550369361
2488;2243.5;0.5494515573007244
2489;2244;0.5500184554606886
2490;2244.5;0.5506007584503136
2491;2245;0.5511938548474192
2492;2245.5;0.5518021210298251
2493;2246;0.5524285166753511
2494;2246.5;0.5530709670618175
2495;2247;0.5537273971670439
2496;2247.5;0.5543957323688502
2497;2248;0.5550916121626095
2498;2248.5;0.5558410850660478
2499;2249;0.556637022569406
2500;2249.5;0.5574716743566144
2501;2250;0.5583340345116033

